1509965495,7336.29,7336.79,7337.57,8,0.64740545,7298.33,7387.58
1509965525,7335.13,7339.35,7340.0,32,7.78870687,7298.9,7386.28
1509965555,7334.87,7337.83,7339.95,11,1.44792317,7294.24,7384.86
1509965585,7334.16,7334.48,7335.84,15,1.10948635,7293.79,7384.45
1509965615,7334.37,7334.37,7334.38,5,0.50550408,7291.51,7384.98
1509965645,7334.36,7334.36,7334.37,13,2.54945674,7292.06,7383.51
1509965675,7334.0,7334.04,7334.36,16,1.51282882,7289.56,7381.9
1509965705,7334.0,7334.01,7334.01,11,0.95098735,7289.31,7384.09
1509965735,7334.01,7334.01,7334.01,4,0.08890408,7289.11,7384.66
1509965765,7334.0,7334.0,7334.01,10,2.55449562,7290.64,7384.49
1509965795,7334.0,7334.01,7334.01,9,1.02366574,7289.85,7383.89
1509965825,7334.0,7334.01,7334.01,8,0.16968702,7290.41,7384.04
1509965855,7334.0,7334.0,7334.01,5,0.48105443,7289.39,7382.65
1509965885,7334.01,7334.01,7334.01,8,0.10974743,7290.29,7383.86
1509965915,7334.0,7334.01,7334.01,6,0.45838495,7290.95,7382.9
1509965945,7334.0,7334.0,7334.01,8,0.34367089,7292.09,7383.11
1509965975,7334.0,7334.0,7334.01,20,4.50850144,7296.0,7385.54
1509966005,7334.0,7334.0,7334.01,5,5.04569154,7295.08,7384.43
1509966035,7334.0,7334.0,7334.01,8,0.81577277,7295.55,7383.68
1509966065,7334.01,7334.01,7334.01,5,0.18331224,7295.08,7385.03
1509966095,7334.01,7334.01,7334.01,6,0.07056676,7294.77,7385.38
1509966125,7334.01,7334.01,7334.01,6,0.15061224,7294.89,7383.91
1509966155,7334.01,7335.9,7337.8,14,0.89410408,7294.47,7383.35
1509966185,7339.62,7339.62,7339.63,6,0.19770409,7301.98,7386.61
1509966215,7336.78,7339.21,7339.63,13,2.20663947,7297.42,7386.73
1509966245,7336.11,7336.11,7336.11,5,0.4458122,7291.35,7384.65
1509966275,7336.11,7336.11,7336.11,4,0.31090405,7290.82,7385.12
1509966305,7336.11,7336.11,7336.11,6,0.07575119,7292.11,7384.89
1509966335,7336.1,7336.11,7336.11,10,0.33268448,7293.77,7383.95
1509966365,7328.78,7335.82,7336.1,16,12.685598,7287.32,7371.28
1509966395,7320.55,7321.88,7328.79,32,2.58411841,7273.32,7368.11
1509966425,7320.01,7320.01,7320.01,7,0.40661225,7271.87,7368.41
1509966455,7320.01,7320.01,7320.01,8,0.3911939,7269.43,7364.66
1509966485,7320.01,7320.01,7320.01,11,0.63791225,7271.23,7365.76
1509966515,7320.01,7320.01,7320.01,10,0.15719634,7273.15,7364.55
1509966545,7315.27,7317.9,7320.01,58,5.51942101,7272.97,7366.13
1509966575,7320.01,7321.22,7321.28,7,0.83845709,7277.04,7366.86
1509966605,7321.27,7321.27,7321.27,11,0.41742836,7275.11,7364.91
1509966635,7321.26,7321.27,7321.27,11,0.20631764,7273.97,7366.9
1509966665,7321.27,7321.27,7321.27,15,1.86679359,7274.95,7365.59
1509966695,7321.27,7321.27,7321.27,6,0.40150408,7275.52,7366.73
1509966725,7321.26,7321.27,7321.27,15,0.39963722,7274.24,7366.06
1509966755,7321.27,7321.27,7321.27,10,0.16528951,7275.26,7366.53
1509966785,7321.27,7321.27,7321.27,19,1.32631225,7276.14,7366.49
1509966815,7321.27,7321.27,7321.27,7,0.10849622,7273.36,7367.42
1509966845,7321.26,7321.26,7321.27,10,0.40895725,7268.22,7367.75
1509966875,7320.02,7320.34,7321.26,11,1.3313385,7266.96,7366.24
1509966905,7320.02,7320.03,7320.03,6,0.4515438,7268.71,7366.78
1509966935,7320.02,7320.03,7320.03,6,0.8205194,7269.6,7364.93
1509966965,7320.0,7320.01,7320.02,9,1.1433751,7268.93,7364.35
1509966995,7320.0,7320.0,7320.01,4,0.01400277,7269.47,7364.49
1509967025,7320.0,7320.0,7320.01,6,0.30311225,7270.79,7364.49
1509967055,7320.01,7320.01,7320.01,5,0.41110408,7270.06,7365.67
1509967085,7311.07,7315.19,7320.01,23,2.41957316,7269.51,7364.84
1509967115,7308.03,7308.86,7315.19,20,1.40524673,7263.01,7337.44
1509967145,7308.26,7308.26,7308.26,9,0.49441226,7262.97,7342.81
1509967175,7308.26,7308.26,7308.27,14,0.78032119,7262.31,7338.26
1509967205,7308.25,7308.26,7308.27,17,2.32202714,7259.14,7338.16
1509967235,7308.25,7308.25,7308.27,17,1.30497322,7260.72,7337.91
1509967265,7308.26,7309.85,7312.28,15,0.46601226,7266.79,7340.79
1509967295,7312.27,7312.27,7312.28,4,0.12490408,7266.54,7348.59
1509967325,7312.27,7313.18,7320.03,12,0.64213391,7269.48,7353.61
1509967355,7320.02,7324.9,7329.27,30,1.57042407,7281.36,7365.24
1509967385,7323.9,7326.82,7329.04,12,0.35673057,7286.06,7374.58
1509967415,7324.4,7324.99,7329.02,11,0.6991736,7284.98,7366.52
1509967445,7328.94,7328.94,7328.95,13,1.14634561,7286.43,7375.2
1509967475,7327.44,7328.76,7328.95,13,1.0077121,7289.97,7375.44
1509967505,7326.81,7327.33,7327.45,26,1.89004419,7286.08,7376.42
1509967535,7327.41,7327.41,7327.45,9,0.58114459,7284.77,7373.91
1509967565,7327.4,7327.4,7327.41,19,1.84041386,7289.62,7375.46
1509967595,7327.4,7327.4,7327.41,10,0.52531248,7288.51,7376.94
1509967625,7327.41,7328.6,7328.95,15,0.47280393,7289.6,7380.6
1509967655,7328.95,7328.95,7328.95,5,0.27121536,7294.45,7379.78
1509967685,7328.95,7333.57,7334.0,9,0.79896448,7293.09,7385.86
1509967715,7333.99,7333.99,7334.0,8,0.18035734,7294.25,7384.96
1509967745,7333.99,7333.99,7334.0,5,0.05251224,7294.37,7385.8
1509967775,7333.99,7333.99,7334.0,14,0.77234284,7295.79,7385.66
1509967805,7333.99,7333.99,7334.0,33,4.33851083,7293.38,7385.16
1509967835,7333.63,7333.87,7334.0,15,0.71462078,7293.79,7383.07
1509967865,7333.63,7333.67,7333.76,14,2.42045231,7294.13,7387.94
1509967895,7325.01,7331.85,7333.71,28,3.30566699,7288.32,7364.09
1509967925,7325.0,7326.9,7332.93,17,3.65241894,7286.81,7364.33
1509967955,7331.46,7332.18,7332.26,7,0.82410043,7290.96,7385.21
1509967985,7331.47,7331.62,7331.69,12,1.55593655,7292.39,7384.89
1509968015,7331.68,7331.68,7331.69,14,1.40372841,7292.1,7384.8
1509968045,7330.0,7331.04,7331.69,22,1.75847722,7293.08,7370.57
1509968075,7328.0,7330.0,7331.63,17,1.94069275,7292.25,7370.7
1509968105,7330.0,7330.0,7330.01,10,0.74973984,7292.7,7370.47
1509968135,7330.0,7330.0,7330.01,8,1.685652,7293.79,7370.81
1509968165,7330.0,7330.0,7330.01,12,1.40743161,7295.52,7371.2
1509968195,7330.0,7330.0,7330.01,11,0.80842171,7294.56,7370.94
1509968225,7330.0,7330.0,7330.01,20,1.19799992,7294.56,7372.47
1509968255,7330.0,7330.0,7330.01,14,1.15234447,7296.13,7373.67
1509968285,7330.0,7330.02,7330.04,25,2.72946187,7296.19,7375.54
1509968315,7330.03,7330.11,7331.67,18,3.95402268,7294.89,7373.39
1509968345,7331.67,7335.6,7339.62,37,7.06774311,7300.73,7387.81
1509968375,7339.61,7343.8,7350.0,46,14.5443725,7304.88,7391.01
1509968405,7349.99,7350.0,7350.25,25,3.23333879,7308.07,7391.68
1509968435,7350.24,7350.24,7350.25,9,2.0663109,7312.29,7397.12
1509968465,7350.25,7357.74,7359.53,18,6.80457595,7312.89,7394.52
1509968495,7351.96,7352.74,7359.48,12,2.89501263,7312.84,7397.59
1509968525,7352.24,7352.24,7352.25,15,1.46085239,7310.22,7396.65
1509968555,7352.24,7357.91,7360.0,24,3.2997826,7310.47,7399.07
1509968585,7352.17,7353.2,7359.99,29,3.02665079,7312.55,7397.47
1509968615,7352.32,7356.3,7359.99,9,1.05114576,7313.5,7403.44
1509968645,7359.99,7362.47,7366.1,22,2.93735736,7315.05,7408.73
1509968675,7353.14,7358.95,7360.0,20,4.18469042,7314.6,7408.84
1509968705,7350.01,7350.43,7355.24,22,3.14149791,7304.75,7393.83
1509968735,7350.0,7353.82,7358.73,22,3.44351678,7307.64,7393.59
1509968765,7350.29,7356.53,7362.02,21,3.41373569,7306.84,7394.25
1509968795,7347.1,7349.27,7357.97,34,11.39633999,7304.3,7391.01
1509968825,7349.47,7353.85,7354.99,7,0.57440081,7316.04,7393.83
1509968855,7350.27,7353.91,7353.99,10,1.62375568,7306.12,7392.83
1509968885,7350.31,7353.75,7353.99,16,1.21495944,7314.04,7395.95
1509968915,7353.98,7353.99,7354.0,8,1.52095742,7318.87,7398.77
1509968945,7354.0,7355.09,7355.21,21,1.39621518,7314.31,7398.53
1509968975,7355.2,7355.21,7355.21,10,0.510523,7317.02,7401.0
1509969005,7355.2,7355.2,7355.21,5,0.31462723,7314.43,7399.13
1509969035,7355.21,7355.21,7355.21,13,1.30327888,7319.39,7399.58
1509969065,7355.2,7355.32,7355.43,13,1.19244152,7319.7,7399.53
1509969095,7355.43,7355.43,7355.43,7,0.32090405,7316.76,7398.81
1509969125,7355.42,7355.43,7355.43,11,0.52483493,7315.29,7398.5
1509969155,7355.42,7355.42,7355.43,11,1.60152406,7316.68,7398.61
1509969185,7355.43,7355.5,7355.78,11,1.43032338,7316.68,7398.1
1509969215,7355.42,7355.43,7355.44,15,1.9228373,7317.74,7397.92
1509969245,7355.01,7355.34,7355.43,7,2.02345013,7316.4,7396.97
1509969275,7350.1,7352.92,7355.0,13,1.79033162,7309.22,7395.91
1509969305,7350.11,7350.11,7350.11,24,2.89427099,7303.75,7390.99
1509969335,7350.1,7350.11,7350.11,9,0.27669234,7304.24,7390.9
1509969365,7350.1,7350.11,7350.11,18,2.45325749,7304.12,7391.45
1509969395,7350.11,7350.11,7350.11,16,1.53343884,7300.69,7391.72
1509969425,7341.41,7346.71,7350.11,21,1.45372191,7304.62,7390.79
1509969455,7348.51,7348.64,7348.77,18,1.53908947,7305.22,7392.42
1509969485,7345.5,7348.48,7348.57,35,1.43520917,7304.76,7391.13
1509969515,7348.54,7348.55,7348.55,25,1.85003629,7303.61,7390.1
1509969545,7348.54,7348.56,7348.59,33,3.27671533,7303.42,7390.11
1509969575,7347.86,7348.5,7348.55,16,0.79065836,7303.43,7390.1
1509969605,7343.11,7344.79,7347.86,52,5.03438308,7307.9,7388.58
1509969635,7336.44,7342.83,7346.83,85,6.49770042,7300.72,7386.93
1509969665,7331.03,7333.43,7336.42,40,2.51361151,7296.39,7383.21
1509969695,7330.0,7330.31,7331.04,28,2.47970542,7288.89,7373.22
1509969725,7330.0,7330.01,7330.01,13,0.9171067,7291.36,7374.67
1509969755,7330.01,7330.01,7330.01,21,1.06858196,7291.61,7376.18
1509969785,7330.01,7338.07,7343.79,59,6.67256975,7301.62,7384.4
1509969815,7338.32,7338.55,7343.82,27,5.54534153,7298.16,7384.92
1509969845,7338.5,7338.51,7338.51,10,0.50180747,7297.04,7384.09
1509969875,7338.42,7338.51,7340.0,17,1.34990346,7295.76,7384.56
1509969905,7338.56,7340.2,7343.74,21,1.18743326,7302.88,7386.32
1509969935,7339.51,7340.76,7343.71,14,0.86666491,7302.11,7385.03
1509969965,7342.56,7342.75,7342.8,10,0.55280358,7302.99,7386.47
1509969995,7342.77,7342.77,7342.78,4,0.25000821,7306.69,7385.63
1509970025,7342.78,7343.65,7343.73,9,0.39947467,7304.48,7388.18
1509970055,7341.03,7341.91,7343.72,12,2.54060405,7304.37,7388.12
1509970085,7341.08,7345.88,7348.53,18,4.74668174,7307.67,7389.95
1509970115,7347.27,7347.4,7348.52,19,4.49288425,7309.26,7390.14
1509970145,7347.28,7348.67,7349.14,11,2.19259005,7308.45,7390.17
1509970175,7349.13,7349.14,7349.14,5,0.8384514,7311.45,7393.31
1509970205,7349.14,7357.46,7370.92,43,10.03678827,7310.91,7393.91
1509970235,7362.13,7366.3,7373.54,32,4.12553759,7324.15,7410.9
1509970265,7367.25,7373.62,7375.0,33,3.86248993,7329.05,7414.51
1509970295,7374.91,7375.0,7375.0,15,2.04319865,7333.58,7418.59
1509970325,7374.99,7375.0,7375.0,14,1.49168872,7336.52,7419.95
1509970355,7374.99,7378.37,7380.0,41,7.15685114,7335.12,7419.67
1509970385,7379.99,7380.24,7380.64,13,3.00437413,7335.82,7427.46
1509970415,7380.63,7380.63,7380.64,12,2.04603832,7336.81,7428.41
1509970445,7380.63,7380.63,7380.64,8,0.57161215,7339.38,7428.77
1509970475,7380.63,7380.64,7380.64,13,2.31505063,7336.43,7428.79
1509970505,7380.64,7380.64,7380.64,15,1.29332983,7338.09,7428.48
1509970535,7380.64,7380.72,7381.0,11,1.13335364,7336.63,7428.79
1509970565,7380.99,7383.42,7385.0,25,3.80786209,7344.65,7430.34
1509970595,7382.15,7382.28,7382.54,7,0.16130405,7339.41,7427.94
1509970625,7381.0,7381.01,7381.01,20,1.1123175,7334.87,7428.01
1509970655,7380.63,7380.86,7381.01,15,4.38515374,7335.21,7427.84
1509970685,7380.63,7380.64,7380.64,11,2.95444549,7334.21,7427.84
1509970715,7380.63,7380.63,7380.64,12,2.47036442,7334.93,7427.64
1509970745,7380.63,7380.63,7380.64,10,7.14648042,7336.64,7427.8
1509970775,7380.63,7380.63,7380.64,10,1.88898371,7336.43,7427.16
1509970805,7380.63,7380.64,7380.64,9,0.32461461,7335.82,7427.61
1509970835,7380.63,7380.64,7380.64,12,2.42993148,7337.44,7429.38
1509970865,7380.63,7380.63,7380.64,10,3.35685888,7337.18,7429.43
1509970895,7380.64,7380.64,7380.64,10,3.7091636,7339.71,7429.85
1509970925,7380.64,7380.64,7381.0,27,8.00679928,7336.36,7429.68
1509970955,7381.01,7393.04,7406.5,88,42.63223211,7349.47,7435.5
1509970985,7406.49,7408.34,7414.13,84,35.94068652,7373.68,7457.63
1509971015,7414.12,7416.56,7416.72,36,17.81484033,7380.83,7461.48
1509971045,7414.12,7415.31,7418.0,13,4.56150472,7379.3,7460.16
1509971075,7418.0,7419.48,7421.0,21,6.47198319,7384.77,7463.71
1509971105,7420.02,7424.61,7425.0,24,6.6065786,7389.17,7467.94
1509971135,7424.99,7425.0,7425.0,5,1.00059036,7386.85,7468.83
1509971165,7425.0,7425.0,7425.0,7,1.04193308,7388.18,7468.31
1509971195,7425.0,7425.0,7425.0,13,0.48406718,7387.14,7467.46
1509971225,7425.0,7425.36,7426.47,28,4.54276289,7389.32,7468.86
1509971255,7426.43,7426.44,7426.44,17,1.6239355,7383.3,7477.29
1509971285,7426.43,7426.44,7426.44,22,4.77604659,7386.08,7476.73
1509971315,7426.43,7426.44,7426.44,8,1.11152878,7389.49,7477.0
1509971345,7426.43,7426.43,7426.44,10,0.74409086,7387.97,7476.94
1509971375,7426.43,7426.44,7426.44,8,3.57857793,7387.88,7477.84
1509971405,7426.43,7426.44,7426.44,8,4.0599167,7388.76,7478.15
1509971435,7426.44,7426.44,7426.44,8,0.82699728,7388.03,7478.16
1509971465,7426.43,7426.43,7426.44,18,2.40291292,7387.85,7476.96
1509971495,7426.44,7426.44,7426.44,10,1.35743215,7389.28,7476.5
1509971525,7426.43,7426.43,7426.44,11,2.0712415,7386.76,7476.35
1509971555,7426.43,7426.43,7426.44,8,0.63475591,7386.39,7477.29
1509971585,7426.43,7426.44,7426.44,11,1.51620669,7386.97,7476.76
1509971615,7426.44,7426.44,7426.44,9,2.36553517,7386.46,7476.06
1509971645,7426.44,7426.44,7426.44,13,0.45262759,7384.68,7475.49
1509971675,7426.43,7426.44,7426.44,11,1.96675925,7384.16,7475.33
1509971705,7426.43,7426.43,7426.44,8,0.3159395,7383.85,7475.24
1509971735,7426.43,7426.44,7426.44,7,0.81497779,7384.15,7475.24
1509971765,7426.44,7426.44,7426.44,11,4.52608799,7386.11,7475.55
1509971795,7426.44,7426.44,7426.44,5,0.18738904,7384.4,7476.25
1509971825,7426.44,7426.44,7426.44,11,0.81641207,7383.23,7476.0
1509971855,7426.44,7426.44,7426.44,10,1.61545425,7383.54,7475.97
1509971885,7426.44,7426.44,7426.44,6,0.11721207,7381.11,7476.01
1509971915,7426.44,7426.44,7426.44,7,0.57766348,7385.86,7477.09
1509971945,7426.43,7426.43,7426.44,13,3.37170839,7382.44,7476.79
1509971975,7426.44,7426.44,7426.44,4,0.17620402,7383.35,7477.37
1509972005,7426.43,7426.43,7426.44,5,0.02611524,7375.83,7477.22
1509972035,7426.43,7426.44,7426.44,10,1.05885509,7379.44,7477.29
1509972065,7426.44,7426.44,7426.44,9,2.1356738,7385.01,7476.64
1509972095,7426.43,7426.44,7426.44,6,1.34927809,7387.77,7476.17
1509972125,7426.44,7426.44,7426.44,6,0.66614389,7387.8,7476.28
1509972155,7426.43,7426.44,7426.44,5,0.86923088,7386.95,7476.35
1509972185,7426.43,7426.43,7426.44,5,0.03417791,7385.88,7476.37
1509972215,7426.43,7426.44,7426.44,5,0.95619144,7388.2,7475.52
1509972245,7426.43,7426.43,7426.44,7,1.16391969,7382.77,7475.49
1509972275,7426.43,7426.43,7426.44,7,2.52665908,7388.5,7471.23
1509972305,7426.43,7426.43,7426.44,7,0.34009401,7388.82,7471.26
1509972335,7402.54,7417.71,7426.44,48,20.47633688,7388.76,7475.77
1509972365,7405.05,7405.06,7405.06,22,1.71752741,7367.98,7445.35
1509972395,7405.05,7405.05,7405.06,23,10.40986886,7358.32,7446.13
1509972425,7405.05,7405.06,7405.06,17,1.32565482,7357.86,7450.66
1509972455,7405.05,7405.06,7405.06,13,2.84918337,7360.1,7448.86
1509972485,7405.05,7405.05,7405.06,13,1.25750034,7359.49,7448.8
1509972515,7405.01,7405.02,7405.05,48,5.72194055,7362.2,7449.44
1509972545,7401.0,7404.32,7405.01,34,3.85603159,7361.25,7449.74
1509972575,7404.98,7404.99,7404.99,7,1.32104682,7362.47,7450.61
1509972605,7404.99,7405.16,7410.81,30,14.64228091,7361.62,7451.56
1509972635,7410.81,7410.81,7410.81,19,2.66498201,7361.57,7454.73
1509972665,7410.81,7411.75,7416.92,9,0.95282923,7361.49,7454.6
1509972695,7416.91,7416.92,7416.92,14,6.17574875,7368.49,7455.9
1509972725,7416.91,7416.92,7416.92,10,0.55372931,7370.2,7456.31
1509972755,7416.91,7416.91,7416.92,13,2.71934689,7370.0,7457.99
1509972785,7416.91,7416.91,7416.92,12,0.93041208,7368.12,7457.91
1509972815,7416.91,7416.93,7417.0,15,3.33518847,7369.96,7458.26
1509972845,7416.99,7417.0,7417.0,11,0.46554335,7369.78,7458.29
1509972875,7416.99,7424.54,7427.43,49,17.62124417,7369.84,7458.31
1509972905,7424.47,7425.16,7426.68,13,0.7860552,7383.29,7472.92
1509972935,7424.46,7424.47,7424.48,9,4.01560373,7380.09,7461.4
1509972965,7424.47,7424.47,7424.47,10,2.50351208,7386.15,7461.88
1509972995,7424.46,7424.47,7424.47,22,2.12018085,7384.46,7462.08
1509973025,7424.46,7424.46,7424.47,7,6.01023331,7380.82,7460.74
1509973055,7421.01,7423.54,7424.47,19,4.30179914,7376.6,7460.5
1509973085,7419.61,7421.07,7424.18,11,3.81180533,7378.06,7461.95
1509973115,7419.86,7419.9,7421.03,15,2.2988739,7369.72,7460.11
1509973145,7416.99,7417.54,7419.86,11,1.46973821,7369.52,7459.54
1509973175,7415.21,7418.17,7419.86,14,1.88102384,7368.72,7459.92
1509973205,7417.43,7418.12,7418.99,11,1.32521902,7369.73,7459.33
1509973235,7418.96,7418.97,7418.97,13,0.96001834,7368.82,7458.66
1509973265,7418.96,7418.97,7418.97,12,1.05237987,7368.23,7457.91
1509973295,7415.0,7416.87,7418.97,12,1.86277043,7367.87,7458.15
1509973325,7415.0,7415.01,7415.01,12,0.3322176,7366.77,7456.19
1509973355,7415.0,7415.01,7415.01,15,1.38530402,7365.76,7455.61
1509973385,7405.21,7409.05,7415.01,18,0.77861533,7372.89,7454.88
1509973415,7407.3,7409.19,7412.06,9,0.68120009,7361.4,7450.52
1509973445,7405.09,7409.18,7410.1,9,0.5334121,7360.51,7449.18
1509973475,7406.09,7406.24,7409.89,14,2.3723434,7361.32,7448.32
1509973505,7406.09,7406.1,7406.1,15,2.4820121,7363.44,7448.52
1509973535,7404.13,7404.76,7406.1,12,0.92730402,7360.93,7448.43
1509973565,7400.0,7401.9,7404.14,21,5.82619777,7355.9,7445.77
1509973595,7404.02,7404.09,7404.12,3,4.02e-06,7356.08,7446.23
1509973625,7400.07,7402.09,7404.14,17,2.12782818,7354.0,7445.96
1509973655,7404.14,7404.56,7406.09,25,1.46247863,7360.64,7447.89
1509973685,7406.09,7408.34,7411.38,24,6.75326395,7363.14,7449.14
1509973715,7402.5,7411.01,7414.11,26,2.8873068,7362.48,7452.02
1509973745,7402.69,7412.72,7414.34,15,2.47743753,7361.58,7451.81
1509973775,7411.0,7414.71,7419.63,25,8.43712125,7361.94,7450.82
1509973805,7411.29,7414.53,7415.32,10,1.34961209,7371.0,7453.1
1509973835,7410.97,7413.83,7414.55,16,3.49451516,7369.88,7453.15
1509973865,7414.34,7414.34,7414.34,8,0.82219331,7366.22,7453.52
1509973895,7413.88,7414.37,7414.5,7,1.15170402,7368.59,7453.71
1509973925,7412.0,7412.02,7413.88,11,1.12408409,7366.97,7452.8
1509973955,7411.02,7412.66,7412.87,12,1.53490202,7361.27,7453.0
1509973985,7406.26,7410.36,7412.81,20,0.86298136,7362.53,7452.92
1509974015,7405.73,7411.53,7412.1,9,0.80240719,7360.95,7451.13
1509974045,7405.0,7405.75,7408.11,12,0.84482358,7360.81,7449.61
1509974075,7400.01,7402.78,7406.99,21,4.25100942,7358.73,7449.84
1509974105,7400.63,7402.07,7405.0,20,3.58927489,7355.63,7445.61
1509974135,7400.64,7400.65,7400.66,7,0.60307825,7353.8,7444.67
1509974165,7400.0,7400.38,7400.65,49,5.81539456,7354.03,7445.39
1509974195,7400.0,7400.32,7400.65,28,6.00214184,7353.28,7444.13
1509974225,7393.97,7395.92,7400.65,32,4.34382458,7352.53,7444.1
1509974255,7392.74,7394.61,7397.41,10,0.96143876,7352.38,7440.84
1509974285,7390.13,7391.42,7392.74,26,7.96635668,7348.88,7438.59
1509974315,7387.0,7389.33,7392.47,38,7.67283841,7344.24,7432.92
1509974345,7383.84,7385.94,7390.01,41,11.6792853,7344.27,7431.79
1509974375,7383.9,7383.92,7384.92,17,3.75481827,7345.46,7429.89
1509974405,7384.92,7391.34,7399.98,26,12.30736109,7349.46,7437.19
1509974435,7395.82,7395.82,7395.83,9,0.8845923,7350.56,7437.59
1509974465,7395.82,7395.83,7395.83,14,1.7396141,7351.08,7438.12
1509974495,7395.82,7395.82,7395.83,24,8.79769999,7353.98,7438.39
1509974525,7386.04,7391.58,7395.83,25,8.17161834,7348.41,7435.02
1509974555,7387.52,7391.66,7395.0,33,3.34166356,7347.12,7433.43
1509974585,7394.82,7394.93,7394.99,23,1.31845585,7347.8,7436.18
1509974615,7391.36,7392.3,7394.2,7,0.71507418,7347.22,7435.96
1509974645,7393.0,7393.59,7393.65,14,1.94141338,7347.57,7437.06
1509974675,7393.65,7393.72,7393.88,21,2.26984386,7350.06,7436.53
1509974705,7393.88,7393.88,7393.88,7,0.71341211,7352.27,7435.54
1509974735,7393.87,7393.88,7393.88,11,1.27751342,7352.87,7434.29
1509974765,7393.87,7393.88,7393.88,10,0.67611211,7351.19,7436.76
1509974795,7393.88,7393.88,7393.88,9,2.0186953,7351.06,7436.42
1509974825,7393.87,7393.88,7393.89,12,0.36831492,7348.88,7436.49
1509974855,7393.88,7393.89,7393.89,28,3.02157844,7350.8,7437.3
1509974885,7393.89,7395.11,7398.0,22,5.74027808,7349.77,7438.82
1509974915,7398.0,7399.95,7400.0,26,7.46299948,7359.38,7442.79
1509974945,7399.99,7400.11,7400.6,12,2.78494899,7361.96,7443.03
1509974975,7400.59,7400.6,7400.6,13,4.02884134,7365.17,7446.02
1509975005,7400.59,7400.6,7400.6,6,1.20815625,7362.05,7444.06
1509975035,7400.59,7400.93,7401.0,31,2.64126065,7368.11,7445.79
1509975065,7401.0,7401.0,7401.0,14,2.53928649,7365.32,7444.49
1509975095,7400.99,7401.0,7401.0,8,1.91412716,7362.77,7445.03
1509975125,7401.0,7401.0,7401.0,9,1.64827283,7363.67,7444.68
1509975155,7399.75,7400.66,7401.0,41,13.54491735,7361.66,7445.51
1509975185,7390.99,7392.33,7399.62,46,8.15700394,7350.18,7433.69
1509975215,7391.0,7391.0,7391.01,13,3.30530402,7349.73,7433.36
1509975245,7391.01,7392.02,7394.77,16,2.55951695,7351.7,7436.16
1509975275,7394.71,7394.74,7394.77,21,0.94090306,7352.19,7436.06
1509975305,7394.77,7394.77,7394.77,15,3.14168351,7351.39,7435.59
1509975335,7394.77,7394.77,7394.77,5,0.84130402,7349.29,7435.53
1509975365,7391.0,7393.08,7394.77,18,1.92390515,7350.48,7436.04
1509975395,7390.0,7390.35,7391.44,19,3.0479587,7348.69,7433.31
1509975425,7387.51,7387.61,7389.67,31,2.13550773,7347.07,7431.29
1509975455,7385.99,7386.49,7387.52,26,1.48696839,7340.48,7427.92
1509975485,7385.99,7386.0,7386.0,49,7.20663366,7343.28,7425.96
1509975515,7384.56,7385.49,7386.0,35,5.57555003,7343.38,7425.64
1509975545,7375.11,7377.26,7384.57,83,11.07164464,7335.97,7422.75
1509975575,7364.39,7372.39,7375.12,66,5.52119032,7331.7,7418.08
1509975605,7355.6,7357.77,7364.39,82,10.68203252,7317.91,7408.02
1509975635,7355.92,7358.57,7362.44,23,4.47186478,7317.9,7409.44
1509975665,7355.09,7356.85,7362.43,21,4.89394647,7315.38,7408.28
1509975695,7337.02,7344.1,7355.0,71,23.07874861,7302.63,7399.36
1509975725,7339.31,7344.81,7350.0,32,2.4428782,7302.08,7393.46
1509975755,7344.41,7346.61,7348.83,17,3.80258386,7303.97,7397.13
1509975785,7347.01,7347.11,7350.0,10,2.73686826,7305.81,7396.53
1509975815,7347.78,7347.89,7347.94,5,1.66630223,7306.27,7400.42
1509975845,7347.77,7347.78,7347.78,13,1.37165356,7307.52,7397.08
1509975875,7347.79,7348.47,7349.0,9,3.41052441,7307.94,7400.96
1509975905,7348.99,7349.0,7349.0,15,2.65715425,7307.19,7398.45
1509975935,7349.0,7350.09,7356.53,18,22.94686881,7306.46,7400.44
1509975965,7356.52,7356.53,7356.53,13,9.21418218,7318.94,7404.87
1509975995,7357.0,7357.29,7357.63,16,5.23131161,7317.84,7407.39
1509976025,7357.62,7359.2,7362.0,21,8.82081004,7318.93,7407.47
1509976055,7360.0,7360.44,7360.71,13,0.57563537,7320.18,7408.13
1509976085,7360.01,7360.01,7360.01,27,4.74100755,7321.18,7408.13
1509976115,7360.01,7360.01,7360.01,21,4.09427045,7317.8,7405.87
1509976145,7360.0,7360.01,7360.01,13,1.71082239,7319.03,7403.99
1509976175,7360.0,7360.01,7360.01,11,1.05110586,7316.79,7404.22
1509976205,7356.52,7358.71,7360.01,21,5.28907104,7316.58,7405.86
1509976235,7351.0,7355.18,7356.53,11,0.85095453,7313.8,7402.23
1509976265,7351.0,7351.01,7351.01,32,7.38312583,7308.14,7396.46
1509976295,7351.0,7351.01,7351.01,9,0.37450405,7306.17,7395.45
1509976325,7351.0,7351.01,7351.01,13,2.14027773,7310.37,7395.74
1509976355,7351.0,7351.01,7351.01,17,2.51788603,7310.55,7398.05
1509976385,7351.0,7351.0,7351.01,18,5.03565539,7308.99,7398.88
1509976415,7351.0,7351.0,7351.01,6,0.63035938,7308.3,7400.21
1509976445,7351.0,7351.0,7351.01,19,5.27470068,7305.92,7401.93
1509976475,7351.0,7351.01,7351.01,19,2.05102457,7307.25,7401.63
1509976505,7350.81,7351.0,7351.01,17,9.68770673,7310.55,7403.13
1509976535,7350.81,7350.81,7350.81,9,0.43977173,7308.37,7402.66
1509976565,7350.81,7350.81,7350.81,7,0.78714059,7308.24,7402.72
1509976595,7349.98,7350.48,7350.81,18,2.93785212,7309.44,7402.82
1509976625,7348.07,7348.64,7349.42,19,5.9568763,7307.88,7400.45
1509976655,7348.92,7348.92,7348.93,15,1.78980439,7309.17,7401.96
1509976685,7348.92,7348.93,7348.93,9,1.80430173,7303.26,7402.32
1509976715,7348.93,7348.93,7348.93,9,0.32240405,7307.75,7401.99
1509976745,7348.93,7348.93,7348.93,16,0.42857759,7307.99,7402.28
1509976775,7348.92,7348.93,7348.93,12,1.20685754,7310.54,7401.16
1509976805,7348.92,7348.93,7348.93,8,0.28024777,7309.73,7401.19
1509976835,7348.92,7348.93,7348.93,7,1.75087963,7309.84,7401.7
1509976865,7348.92,7348.93,7348.93,18,5.15564792,7308.37,7400.71
1509976895,7348.92,7348.93,7348.93,14,5.01581953,7303.67,7399.76
1509976925,7348.92,7348.92,7348.93,14,3.12041651,7302.48,7401.25
1509976955,7348.92,7348.92,7348.93,10,5.91569965,7299.62,7399.71
1509976985,7348.92,7348.93,7348.93,11,2.42751927,7308.13,7399.35
1509977015,7343.0,7347.02,7348.5,18,1.72421423,7304.04,7398.38
1509977045,7340.73,7341.08,7343.01,20,2.54176318,7302.49,7391.78
1509977075,7340.73,7340.74,7340.74,59,7.93897362,7300.43,7391.73
1509977105,7328.0,7334.25,7340.74,84,26.72239508,7299.12,7388.19
1509977135,7330.06,7330.33,7330.84,17,5.53836124,7290.37,7376.4
1509977165,7321.0,7325.05,7330.07,43,11.59138482,7286.13,7366.64
1509977195,7308.01,7310.67,7321.01,66,25.10308685,7275.82,7364.94
1509977225,7300.0,7302.69,7308.01,68,12.18738637,7262.65,7351.77
1509977255,7300.0,7300.19,7304.36,31,9.83790634,7257.42,7341.84
1509977285,7300.0,7300.01,7300.01,29,6.35645644,7260.9,7346.95
1509977315,7289.0,7294.59,7300.01,93,27.73848788,7252.43,7335.49
1509977345,7296.45,7296.5,7296.5,17,3.17792144,7255.68,7341.12
1509977375,7296.0,7299.44,7300.0,56,22.36265226,7254.69,7344.38
1509977405,7299.05,7299.97,7300.0,21,5.75081577,7260.02,7349.13
1509977435,7299.99,7299.99,7300.0,35,9.83320456,7262.02,7348.92
1509977465,7297.42,7299.45,7300.0,50,13.9577108,7255.37,7332.36
1509977495,7296.0,7296.36,7297.45,18,6.48618123,7256.69,7332.86
1509977525,7296.07,7296.08,7296.08,20,4.82576255,7255.22,7331.7
1509977555,7288.99,7291.54,7296.07,62,40.33191811,7254.69,7324.92
1509977585,7281.87,7286.73,7289.0,53,7.76858357,7247.1,7319.15
1509977615,7281.96,7283.4,7288.74,19,2.11736832,7247.55,7318.38
1509977645,7280.0,7281.53,7283.99,50,11.43424819,7239.95,7311.27
1509977675,7275.24,7279.81,7282.71,87,28.03732119,7239.74,7310.54
1509977705,7280.09,7280.1,7280.1,26,3.20833769,7240.58,7309.95
1509977735,7280.09,7280.09,7280.1,18,2.76674921,7238.39,7309.49
1509977765,7276.99,7279.01,7280.1,56,9.28630906,7236.2,7307.96
1509977795,7270.03,7274.27,7276.99,50,9.91232582,7231.85,7306.73
1509977825,7268.69,7271.94,7276.0,43,12.6053526,7220.92,7303.97
1509977855,7267.21,7269.23,7272.12,29,8.5212798,7224.31,7304.52
1509977885,7272.11,7272.92,7280.1,21,3.64475835,7238.0,7308.79
1509977915,7280.1,7280.99,7281.0,15,3.07854955,7242.46,7310.71
1509977945,7280.99,7281.66,7282.18,15,5.35931096,7240.74,7310.07
1509977975,7282.17,7282.18,7282.18,11,1.72008398,7240.97,7315.05
1509978005,7282.17,7283.54,7284.43,25,6.14234015,7246.24,7315.08
1509978035,7280.61,7282.11,7282.18,20,4.75050772,7238.19,7312.74
1509978065,7280.61,7280.62,7280.62,10,3.30861377,7235.38,7312.17
1509978095,7280.02,7280.61,7280.62,15,5.29743396,7237.87,7312.23
1509978125,7274.1,7278.08,7280.01,53,11.09043425,7234.62,7310.3
1509978155,7265.0,7267.95,7274.11,56,12.66929361,7223.76,7303.04
1509978185,7260.02,7261.43,7265.0,39,7.69223971,7217.26,7300.67
1509978215,7260.31,7260.76,7260.89,21,4.72163295,7216.8,7300.53
1509978245,7260.0,7260.27,7260.89,26,6.59406969,7215.14,7300.11
1509978275,7250.0,7251.38,7260.01,73,25.59793122,7212.58,7299.33
1509978305,7225.35,7242.18,7250.01,121,42.47031283,7207.84,7297.22
1509978335,7232.26,7240.46,7245.0,22,4.20332028,7198.52,7291.23
1509978365,7244.99,7259.81,7274.54,58,31.98502501,7204.26,7293.45
1509978395,7264.84,7269.14,7274.03,55,16.72759467,7220.09,7301.68
1509978425,7269.55,7269.58,7269.93,23,10.49204644,7218.39,7300.61
1509978455,7265.01,7268.73,7269.56,22,6.86823976,7220.79,7300.92
1509978485,7249.76,7256.62,7265.01,26,7.84718052,7212.21,7298.63
1509978515,7252.23,7264.33,7273.89,36,14.97611723,7219.57,7301.97
1509978545,7264.09,7271.66,7274.51,18,6.56642501,7221.6,7301.87
1509978575,7269.0,7269.0,7269.0,8,0.25846891,7222.45,7301.99
1509978605,7268.99,7269.17,7270.0,37,8.64099815,7221.77,7302.36
1509978635,7269.99,7270.0,7270.0,25,4.72777089,7223.52,7305.5
1509978665,7270.0,7270.0,7270.0,12,3.63031,7225.24,7302.82
1509978695,7270.0,7273.24,7275.0,13,7.32724278,7228.3,7304.19
1509978725,7275.0,7284.81,7288.18,27,12.53923095,7243.08,7323.99
1509978755,7288.0,7288.1,7288.18,30,6.79282215,7242.83,7326.69
1509978785,7284.52,7285.17,7288.0,16,2.42960416,7241.78,7323.24
1509978815,7284.53,7290.61,7293.99,13,3.98959419,7244.45,7323.56
1509978845,7293.96,7293.96,7293.96,7,1.49472522,7252.62,7327.81
1509978875,7293.95,7293.98,7294.0,28,5.57860013,7254.43,7327.79
1509978905,7293.99,7294.37,7295.0,17,5.48812722,7256.0,7328.75
1509978935,7294.99,7294.99,7295.0,11,1.08054647,7262.17,7331.14
1509978965,7294.99,7294.99,7295.0,11,1.86744234,7261.9,7331.47
1509978995,7294.99,7294.99,7295.0,14,1.63190768,7260.97,7331.06
1509979025,7295.0,7295.0,7295.0,7,0.5959873,7260.84,7330.54
1509979055,7290.0,7294.91,7295.0,45,16.03054614,7256.27,7329.34
1509979085,7288.01,7288.36,7290.01,17,2.76895455,7248.3,7328.94
1509979115,7287.44,7287.97,7288.0,11,1.22789606,7245.46,7326.99
1509979145,7284.26,7286.82,7288.82,22,4.26595473,7248.6,7327.5
1509979175,7288.81,7288.82,7288.82,13,3.84898391,7252.0,7328.18
1509979205,7288.81,7288.82,7288.82,13,1.78192044,7250.44,7328.03
1509979235,7288.81,7288.81,7288.82,9,1.06615011,7250.25,7327.64
1509979265,7288.82,7288.82,7288.82,11,1.50457711,7250.96,7327.52
1509979295,7288.81,7288.82,7288.82,14,2.67270358,7248.55,7328.2
1509979325,7288.82,7288.82,7288.82,24,5.04339832,7247.85,7327.89
1509979355,7288.82,7288.82,7288.82,21,4.62704443,7249.32,7327.73
1509979385,7288.81,7290.09,7296.92,28,10.38209224,7249.28,7327.72
1509979415,7296.32,7296.78,7297.44,8,3.14150795,7259.28,7331.34
1509979445,7296.32,7296.42,7298.0,12,2.85181645,7261.26,7331.9
1509979475,7298.0,7298.78,7298.99,18,3.99347282,7262.98,7331.77
1509979505,7298.99,7298.99,7298.99,8,4.62192757,7266.29,7332.21
1509979535,7298.98,7298.98,7298.99,10,1.80783131,7261.08,7332.16
1509979565,7298.98,7298.98,7298.99,18,4.88359662,7259.34,7331.64
1509979595,7298.98,7298.99,7298.99,14,4.49080727,7260.39,7331.23
1509979625,7298.98,7298.99,7298.99,18,3.07939283,7257.71,7330.22
1509979655,7298.98,7298.99,7299.0,25,16.48035735,7260.56,7330.68
1509979685,7299.0,7299.0,7299.0,14,2.43445706,7261.83,7331.92
1509979715,7298.99,7299.0,7299.0,13,2.92977734,7263.57,7332.28
1509979745,7298.99,7299.0,7299.0,13,1.79547766,7265.13,7332.32
1509979775,7298.99,7298.99,7299.0,15,2.9009015,7262.73,7331.79
1509979805,7298.99,7299.0,7299.0,23,5.04517717,7261.62,7331.54
1509979835,7290.0,7295.62,7299.0,68,37.46043407,7260.31,7330.58
1509979865,7290.02,7290.02,7290.03,11,1.85276511,7246.39,7326.47
1509979895,7290.03,7290.03,7290.03,10,0.58718723,7247.53,7326.43
1509979925,7290.03,7291.87,7295.0,18,4.62894882,7252.61,7326.97
1509979955,7290.11,7290.9,7291.44,25,4.06359465,7245.32,7326.28
1509979985,7290.18,7290.94,7292.34,14,4.0824391,7250.31,7326.14
1509980015,7290.02,7290.1,7290.85,17,3.2669853,7243.29,7325.63
1509980045,7290.02,7290.02,7290.03,15,2.91548019,7245.82,7325.73
1509980075,7290.02,7290.02,7290.03,11,1.63276616,7243.84,7325.57
1509980105,7290.03,7290.03,7290.03,18,3.51288725,7244.8,7327.15
1509980135,7290.02,7290.13,7290.25,12,5.14988124,7246.73,7327.08
1509980165,7290.04,7290.15,7290.25,23,10.44996816,7246.01,7327.0
1509980195,7290.25,7290.91,7291.0,21,5.43128243,7244.84,7327.87
1509980225,7290.11,7290.57,7291.0,19,4.23413084,7246.02,7327.56
1509980255,7290.0,7290.05,7290.12,17,7.02412495,7245.82,7327.78
1509980285,7275.13,7283.07,7290.01,63,13.24972051,7237.05,7322.71
1509980315,7280.56,7283.29,7287.92,37,7.43013104,7234.15,7314.01
1509980345,7283.84,7288.61,7290.0,15,5.14847742,7239.3,7314.92
1509980375,7289.92,7290.05,7290.13,10,4.41694709,7247.44,7321.58
1509980405,7280.62,7285.49,7287.62,14,2.94429368,7240.99,7318.43
1509980435,7275.1,7279.66,7285.76,33,6.70069758,7233.27,7314.41
1509980465,7268.0,7270.97,7275.11,48,8.50919543,7217.41,7305.02
1509980495,7260.0,7266.44,7268.01,22,8.48627039,7214.76,7302.3
1509980525,7260.01,7260.02,7260.02,9,0.98759482,7213.51,7302.02
1509980555,7260.01,7260.01,7260.01,9,3.97687676,7214.82,7303.86
1509980585,7260.0,7260.0,7260.01,18,0.81060152,7215.23,7302.78
1509980615,7260.0,7260.01,7260.01,16,4.26305914,7215.87,7303.8
1509980645,7260.0,7261.86,7264.67,18,8.69058795,7213.37,7302.11
1509980675,7266.99,7268.6,7271.0,21,11.32421203,7219.19,7306.81
1509980705,7256.96,7263.21,7267.14,26,5.17096542,7217.19,7304.2
1509980735,7261.19,7264.33,7265.0,10,2.22527292,7214.15,7302.38
1509980765,7261.18,7261.18,7261.19,16,2.65526746,7212.37,7302.75
1509980795,7261.18,7261.19,7261.19,17,5.10999083,7212.96,7302.59
1509980825,7261.18,7261.65,7267.6,15,3.29539076,7216.14,7303.47
1509980855,7267.61,7273.66,7276.99,23,2.716756,7220.32,7306.75
1509980885,7267.68,7272.16,7275.54,29,3.41059641,7227.91,7309.48
1509980915,7273.94,7276.0,7276.98,14,4.24272003,7231.08,7309.26
1509980945,7270.94,7272.4,7276.53,21,4.05692584,7231.35,7309.8
1509980975,7267.79,7275.54,7277.0,19,4.30181595,7231.76,7309.93
1509981005,7268.5,7272.19,7275.22,13,0.38351201,7228.72,7309.75
1509981035,7262.23,7267.54,7273.66,27,2.2614213,7225.69,7308.24
1509981065,7263.9,7267.89,7272.18,24,3.54131724,7221.05,7305.54
1509981095,7268.96,7269.01,7269.68,10,0.30220317,7223.72,7307.04
1509981125,7268.99,7268.99,7268.99,23,2.92613054,7220.81,7305.62
1509981155,7268.98,7268.99,7268.99,9,3.26688653,7221.94,7306.26
1509981185,7268.98,7268.99,7268.99,9,4.09333421,7221.95,7305.51
1509981215,7268.98,7268.98,7268.99,13,5.34099301,7221.23,7305.9
1509981245,7268.98,7268.98,7268.99,10,1.84151924,7220.94,7305.91
1509981275,7262.33,7268.46,7268.99,25,4.21820871,7221.27,7305.89
1509981305,7267.29,7268.84,7268.99,6,1.66351234,7219.23,7305.69
1509981335,7261.18,7265.38,7268.99,12,2.36731952,7213.64,7300.86
1509981365,7261.18,7261.18,7261.19,14,3.9058645,7213.7,7301.69
1509981395,7240.43,7253.69,7261.18,81,20.06691778,7203.0,7295.02
1509981425,7237.32,7237.92,7240.01,69,8.51096446,7191.41,7292.36
1509981455,7238.01,7240.12,7244.87,19,3.88066993,7200.08,7293.31
1509981485,7241.14,7242.6,7244.01,12,1.3602669,7197.84,7292.61
1509981515,7242.63,7242.63,7242.64,12,2.70444806,7201.61,7292.95
1509981545,7242.64,7242.64,7242.64,11,2.8042714,7202.42,7295.1
1509981575,7240.87,7241.6,7242.64,39,7.55836029,7200.74,7294.16
1509981605,7232.2,7235.86,7240.87,40,13.11526808,7199.0,7293.57
1509981635,7226.89,7229.05,7232.24,70,12.69948468,7188.92,7288.73
1509981665,7226.06,7227.32,7231.58,62,13.12792547,7184.84,7287.39
1509981695,7220.0,7221.61,7226.07,54,17.69527209,7171.59,7259.09
1509981725,7220.0,7220.0,7220.01,18,4.06495436,7172.28,7261.0
1509981755,7219.34,7219.57,7220.01,16,4.01397313,7172.93,7260.65
1509981785,7219.36,7219.36,7219.37,19,9.81239202,7175.88,7264.16
1509981815,7219.36,7219.48,7220.01,49,15.71686308,7176.34,7264.67
1509981845,7220.01,7224.84,7239.12,31,10.51320777,7172.02,7271.25
1509981875,7222.83,7231.8,7239.13,46,17.99509336,7197.39,7293.9
1509981905,7222.63,7229.41,7233.25,19,2.0373091,7182.92,7276.34
1509981935,7220.0,7226.65,7227.44,29,6.77528501,7184.06,7283.52
1509981965,7215.0,7219.11,7220.01,37,15.32991617,7171.37,7264.91
1509981995,7214.01,7216.71,7218.54,16,3.01328882,7171.36,7266.74
1509982025,7218.53,7218.59,7220.0,19,6.1209008,7172.2,7261.36
1509982055,7212.92,7218.27,7220.0,34,14.62003643,7171.75,7256.22
1509982085,7210.0,7211.57,7213.86,38,12.10641301,7167.43,7249.15
1509982115,7209.43,7209.95,7210.02,49,20.02282704,7166.75,7249.19
1509982145,7210.01,7210.01,7210.02,20,5.79562033,7168.39,7243.72
1509982175,7210.01,7210.02,7211.0,21,3.97561078,7168.88,7243.49
1509982205,7210.99,7210.99,7211.0,25,8.65213531,7168.25,7244.84
1509982235,7208.18,7209.41,7211.0,23,6.00163201,7167.95,7244.02
1509982265,7206.0,7207.61,7208.19,23,1.42375323,7164.52,7241.29
1509982295,7205.25,7205.27,7206.0,16,4.34913348,7164.36,7239.47
1509982325,7205.25,7205.26,7205.26,16,3.41504707,7162.46,7237.9
1509982355,7205.25,7205.25,7205.26,21,8.96934847,7166.34,7241.38
1509982385,7202.86,7204.75,7205.26,41,10.30939628,7166.58,7243.47
1509982415,7205.17,7205.21,7205.26,16,2.02861718,7165.46,7241.52
1509982445,7205.25,7205.25,7205.26,15,1.46085092,7166.58,7247.8
1509982475,7205.25,7205.26,7205.26,7,2.48468015,7167.03,7248.62
1509982505,7205.25,7205.25,7205.26,16,7.05645283,7167.06,7248.23
1509982535,7205.26,7207.8,7211.0,34,18.37697325,7167.72,7247.03
1509982565,7211.0,7216.74,7225.0,27,9.29421228,7173.0,7258.54
1509982595,7224.99,7225.2,7229.0,17,4.58026882,7185.43,7271.19
1509982625,7228.99,7229.0,7229.0,12,8.10686466,7185.85,7286.98
1509982655,7229.0,7229.0,7229.02,11,3.31052664,7186.14,7285.69
1509982685,7229.03,7231.42,7235.0,16,4.2873911,7186.19,7285.35
1509982715,7234.99,7236.56,7237.04,21,2.83023517,7189.71,7284.85
1509982745,7235.76,7235.76,7235.76,8,1.00651238,7191.02,7284.99
1509982775,7235.75,7235.76,7235.76,17,3.14641825,7190.75,7284.93
1509982805,7235.75,7235.76,7235.76,8,0.19580411,7190.14,7285.11
1509982835,7235.76,7235.76,7235.77,11,1.48633139,7190.66,7284.63
1509982865,7235.77,7236.76,7237.04,20,4.93319322,7193.47,7285.05
1509982895,7237.04,7237.04,7237.04,9,2.78222496,7195.02,7285.74
1509982925,7237.04,7239.27,7241.0,18,3.73233582,7195.47,7286.07
1509982955,7240.99,7240.99,7241.0,25,11.11049748,7199.51,7288.91
1509982985,7241.0,7241.0,7241.0,11,3.27993668,7201.35,7290.27
1509983015,7240.99,7241.0,7241.0,11,3.69808877,7199.04,7292.71
1509983045,7240.99,7241.0,7241.0,14,5.32995216,7198.51,7288.07
1509983075,7240.99,7240.99,7241.0,10,1.73703273,7197.61,7287.8
1509983105,7240.0,7240.84,7241.0,26,9.29227626,7194.26,7285.62
1509983135,7230.0,7232.29,7240.01,29,6.75670212,7186.45,7283.56
1509983165,7230.0,7230.01,7230.01,13,1.77490897,7187.23,7284.12
1509983195,7230.0,7230.0,7230.01,13,3.17761615,7187.42,7283.74
1509983225,7225.33,7229.15,7230.0,12,1.36709258,7187.14,7273.41
1509983255,7226.01,7229.05,7229.99,16,3.47725006,7187.65,7284.83
1509983285,7229.98,7229.99,7229.99,14,5.32967333,7187.73,7284.05
1509983315,7229.98,7229.98,7229.99,12,1.77004845,7187.17,7284.4
1509983345,7229.99,7229.99,7229.99,6,1.13751238,7188.01,7284.7
1509983375,7229.98,7229.99,7229.99,5,0.36110411,7189.01,7283.73
1509983405,7229.97,7229.98,7229.98,10,2.99867913,7187.57,7284.45
1509983435,7229.98,7229.98,7229.98,7,1.98733887,7188.71,7285.98
1509983465,7229.98,7229.98,7229.99,18,1.64481238,7187.72,7284.62
1509983495,7229.99,7229.99,7230.0,9,0.58230143,7187.74,7284.68
1509983525,7230.0,7230.0,7230.01,8,1.02255913,7187.88,7284.83
1509983555,7230.01,7230.35,7232.0,17,0.71700188,7188.08,7284.77
1509983585,7232.0,7232.0,7232.0,12,0.49895348,7190.24,7285.17
1509983615,7232.0,7233.08,7235.01,13,2.74539356,7190.85,7286.21
1509983645,7235.01,7235.71,7237.99,12,0.8939132,7191.95,7286.14
1509983675,7237.99,7238.0,7238.0,6,1.20340411,7193.26,7285.93
1509983705,7238.0,7239.15,7239.77,15,4.8089196,7193.0,7285.77
1509983735,7239.77,7239.99,7240.0,16,5.55812283,7196.22,7286.14
1509983765,7240.0,7245.84,7258.09,46,25.27628184,7199.3,7288.18
1509983795,7258.09,7262.08,7264.89,41,14.78769471,7213.41,7299.67
1509983825,7265.0,7265.45,7267.52,52,17.80966507,7213.08,7302.45
1509983855,7265.32,7265.32,7265.33,11,0.41326155,7215.55,7301.64
1509983885,7265.32,7270.25,7275.0,33,7.26288901,7220.04,7304.41
1509983915,7274.47,7274.47,7274.48,32,7.42288278,7227.44,7305.47
1509983945,7260.03,7270.92,7274.47,22,5.6475006,7217.98,7303.93
1509983975,7260.01,7260.02,7260.04,11,3.21088322,7214.44,7299.08
1509984005,7260.01,7260.01,7260.02,10,2.98466637,7214.66,7298.98
1509984035,7260.0,7260.0,7260.02,11,5.03114974,7213.99,7298.11
1509984065,7260.0,7260.0,7260.01,30,5.33755286,7214.3,7298.41
1509984095,7260.0,7260.01,7260.01,20,13.46827222,7213.7,7298.48
1509984125,7260.01,7260.01,7260.01,10,0.82055086,7213.38,7298.0
1509984155,7260.01,7260.01,7260.02,19,4.15435235,7213.79,7299.31
1509984185,7260.02,7271.63,7280.0,61,23.52833245,7216.37,7300.28
1509984215,7275.33,7275.33,7275.34,13,0.50133732,7229.06,7306.42
1509984245,7275.34,7275.82,7279.0,18,3.32358526,7237.95,7309.58
1509984275,7278.99,7279.0,7279.0,14,3.11219097,7229.68,7308.96
1509984305,7278.99,7279.0,7279.0,23,1.84507219,7230.67,7309.11
1509984335,7278.99,7279.0,7279.0,8,2.62123033,7230.5,7308.91
1509984365,7275.33,7276.78,7279.0,20,2.50083054,7232.07,7307.11
1509984395,7274.0,7275.07,7275.34,24,4.34077452,7228.44,7305.24
1509984425,7274.0,7274.01,7274.01,20,4.72299553,7227.02,7304.64
1509984455,7274.01,7274.01,7274.03,9,3.07146778,7227.43,7305.32
1509984485,7274.02,7274.03,7274.04,23,7.31622261,7226.24,7305.68
1509984515,7273.0,7273.86,7274.01,22,7.32890722,7227.94,7305.15
1509984545,7268.89,7272.74,7273.01,20,4.81699248,7225.16,7304.08
1509984575,7260.0,7262.39,7266.41,23,8.44875608,7216.95,7299.89
1509984605,7255.03,7258.98,7260.01,41,6.15037506,7209.84,7294.93
1509984635,7255.03,7257.4,7260.51,118,39.69925365,7212.0,7299.07
1509984665,7260.01,7265.57,7277.69,43,23.68607062,7210.08,7301.32
1509984695,7255.08,7257.88,7260.0,11,3.61088046,7204.83,7297.01
1509984725,7250.0,7252.71,7255.08,32,10.08644492,7206.97,7294.67
1509984755,7250.01,7251.29,7260.04,52,8.52190291,7206.21,7293.89
1509984785,7255.91,7259.65,7260.04,40,14.16280848,7213.1,7302.98
1509984815,7257.8,7257.8,7257.84,15,4.3421494,7211.98,7299.07
1509984845,7257.83,7257.83,7257.84,18,1.2819676,7211.8,7299.25
1509984875,7257.84,7258.19,7258.44,39,7.03182511,7211.77,7299.01
1509984905,7258.44,7259.62,7263.11,38,4.27098198,7212.88,7299.34
1509984935,7250.01,7256.06,7261.17,25,4.61609242,7212.36,7302.19
1509984965,7256.26,7262.66,7265.6,29,5.21452508,7211.62,7301.83
1509984995,7263.14,7265.09,7266.69,40,4.64429535,7214.18,7303.38
1509985025,7266.0,7268.8,7269.99,27,2.58753091,7218.65,7307.04
1509985055,7267.34,7269.5,7270.0,20,2.48319043,7216.99,7306.83
1509985085,7267.34,7267.35,7267.35,9,1.92099891,7217.67,7305.03
1509985115,7267.34,7267.34,7267.35,47,9.79893691,7216.7,7305.12
1509985145,7260.0,7263.87,7267.35,60,14.56585523,7213.12,7303.46
1509985175,7251.0,7254.54,7260.01,30,13.47478066,7206.86,7291.89
1509985205,7240.11,7248.65,7251.02,49,11.6156909,7202.86,7292.6
1509985235,7239.99,7240.03,7240.13,18,2.89886391,7195.47,7288.85
1509985265,7238.89,7239.58,7240.0,18,2.72629662,7195.86,7288.42
1509985295,7235.0,7235.37,7238.89,25,3.4768713,7191.07,7287.09
1509985325,7230.0,7230.97,7235.01,30,6.3107506,7188.96,7287.21
1509985355,7230.0,7230.01,7230.01,18,4.5744818,7186.87,7287.91
1509985385,7230.01,7230.01,7230.01,10,2.48388412,7187.36,7286.43
1509985415,7230.0,7230.0,7230.01,18,5.25409136,7185.58,7286.35
1509985445,7221.04,7227.68,7230.01,83,24.57691871,7185.08,7285.6
1509985475,7200.0,7206.88,7222.0,229,64.25035659,7167.35,7263.86
1509985505,7155.55,7175.76,7200.0,292,124.12112184,7122.28,7210.06
1509985535,7155.0,7157.23,7163.75,55,14.50830453,7116.24,7197.23
1509985565,7155.01,7164.05,7176.36,84,34.95533922,7119.44,7209.3
1509985595,7160.24,7176.39,7182.99,44,6.22058468,7139.44,7225.39
1509985625,7165.76,7172.06,7173.35,43,8.06120413,7128.8,7213.87
1509985655,7172.61,7173.08,7173.35,17,2.14441641,7132.17,7222.84
1509985685,7173.01,7173.02,7173.02,11,0.39943012,7135.09,7223.34
1509985715,7173.02,7174.92,7189.66,63,12.84369331,7135.41,7224.48
1509985745,7183.47,7187.78,7191.78,32,8.12098201,7145.9,7229.09
1509985775,7185.54,7189.84,7191.68,24,2.32287175,7142.61,7225.05
1509985805,7183.56,7186.87,7191.78,31,11.42855113,7146.38,7226.39
1509985835,7184.01,7188.76,7191.57,49,6.99915812,7145.48,7226.05
1509985865,7184.0,7186.13,7191.08,48,8.92754061,7145.01,7226.41
1509985895,7175.23,7181.65,7185.5,39,17.63510248,7139.25,7222.01
1509985925,7173.8,7179.17,7179.99,41,9.09997121,7141.18,7227.54
1509985955,7179.98,7181.22,7186.98,52,10.84698054,7140.75,7229.61
1509985985,7180.0,7183.56,7190.0,46,6.92676965,7139.99,7220.98
1509986015,7180.0,7182.91,7187.97,17,5.28684338,7142.42,7225.64
1509986045,7179.48,7179.75,7180.0,24,4.81582525,7137.9,7226.96
1509986075,7180.0,7180.0,7180.0,8,4.73956836,7142.32,7229.95
1509986105,7180.0,7187.76,7200.0,58,22.10392095,7154.03,7241.46
1509986135,7182.62,7188.24,7189.83,27,3.10943602,7147.18,7230.15
1509986165,7185.51,7189.42,7189.81,30,7.29202968,7149.92,7234.45
1509986195,7187.67,7187.67,7187.67,8,4.81998215,7145.78,7227.44
1509986225,7187.66,7187.67,7187.67,20,4.80291936,7146.98,7230.47
1509986255,7187.66,7187.67,7187.67,9,1.46542324,7147.43,7229.93
1509986285,7187.67,7187.67,7187.67,7,2.17049265,7147.54,7230.2
1509986315,7187.66,7187.67,7187.67,9,0.47018433,7145.8,7226.17
1509986345,7187.66,7187.66,7187.67,23,4.60447376,7147.25,7229.82
1509986375,7187.66,7187.66,7187.67,13,1.38287903,7147.59,7229.23
1509986405,7187.66,7187.67,7187.67,17,4.85474456,7145.76,7228.47
1509986435,7187.66,7187.66,7187.67,20,4.66262855,7143.84,7224.47
1509986465,7175.34,7186.33,7187.66,43,10.64548597,7143.3,7221.31
1509986495,7175.02,7176.12,7178.66,35,10.6353634,7133.03,7214.09
1509986525,7174.02,7174.96,7175.02,19,2.99937188,7133.94,7211.28
1509986555,7174.0,7174.0,7174.02,22,24.10475313,7136.19,7216.52
1509986585,7155.0,7168.94,7173.8,68,18.40117022,7126.67,7207.08
1509986615,7151.5,7152.8,7155.0,36,13.66017399,7110.52,7185.15
1509986645,7143.78,7148.34,7151.51,136,44.94919146,7109.56,7185.72
1509986675,7140.0,7141.19,7143.78,62,9.88468164,7098.93,7181.35
1509986705,7140.0,7140.01,7140.01,39,13.65661996,7099.42,7183.37
1509986735,7136.73,7145.73,7151.0,111,47.19139531,7108.99,7194.17
1509986765,7150.86,7150.97,7151.0,40,5.68001448,7108.77,7193.4
1509986795,7140.01,7142.32,7150.86,50,4.91210014,7106.42,7192.39
1509986825,7142.1,7147.96,7150.29,36,5.70657044,7104.99,7189.76
1509986855,7150.29,7150.78,7150.86,31,23.37333066,7109.15,7193.36
1509986885,7150.86,7163.73,7180.0,50,13.09655486,7109.68,7203.97
1509986915,7173.6,7177.89,7180.0,36,4.84172094,7131.91,7222.15
1509986945,7175.83,7175.83,7175.84,32,6.09214309,7129.66,7219.42
1509986975,7175.77,7175.82,7175.84,18,7.70600794,7128.8,7218.71
1509987005,7150.28,7154.48,7175.01,34,9.79492842,7111.13,7200.64
1509987035,7150.28,7150.56,7150.79,46,8.08495027,7107.54,7193.63
1509987065,7150.28,7150.28,7150.29,16,2.98860171,7106.17,7190.11
