Time	trailing_price	Low	Weighted_Price_Average	High	close_price	N_Transactions	Volume	Bid_Index	Ask_Index	EMA_12	EMA_26	EMA_DIF	MACD	EMA_Up	EMA_Down	RSI	TSI	EMA_Volume	OBV_Delta
1510038314	7170.01	7153.11	7159.21	7170.01	7162.89	75	12.58725668	6940.2	7407.34	7159.21	7159.21	0	0.0	0	7.119999999999891	0.0	-100.0	12.58725668	0
1510038434	7162.89	7160.77	7165.65	7169.5	7164.62	46	3.35459897	6931.91	7407.13	7160.200769	7159.687037	0.102746	0.410986	0.123571	6.611429	1.83	-99.46	11.1668478	3.35459897
1510038554	7164.62	7164.36	7166.12	7170.0	7166.05	37	3.32526883	6940.51	7407.22	7161.11142	7160.163553	0.27177	0.676097	0.216887	6.139184	3.41	-98.57	9.96045104	3.32526883
1510038674	7166.05	7166.05	7168.89	7170.0	7170.0	27	4.19833971	6929.6	7407.42	7162.308125	7160.809956	0.51705	0.981119	0.483538	5.700671	7.82	-96.59	9.07397237	4.19833971
1510038794	7170.0	7169.99	7170.0	7170.0	7170.0	34	11.30816019	6939.62	7408.08	7163.49149	7161.4907	0.813798	1.186992	0.449	5.29348	7.82	-94.95	9.41769357	0.0
1510038914	7170.0	7170.0	7170.07	7170.57	7170.57	35	3.010855	6940.14	7408.3	7164.503568	7162.126204	1.126511	1.250853	0.457643	4.915374	8.52	-93.39	8.4320261	3.010855
1510039034	7170.57	7170.56	7170.82	7170.85	7170.85	26	1.50301974	6939.94	7407.84	7165.475327	7162.770189	1.442236	1.262902	0.444954	4.564276	8.88	-91.97	7.36602512	1.50301974
1510039154	7170.85	7170.85	7174.52	7175.62	7175.6	46	7.91542273	6943.61	7409.51	7166.866815	7163.640545	1.799043	1.427227	0.752457	4.238256	15.08	-89.11	7.45054783	7.91542273
1510039274	7175.6	7175.59	7175.6	7175.6	7175.6	32	2.10533962	6943.8	7409.85	7168.210382	7164.526431	2.176025	1.507926	0.69871	3.935523	15.08	-86.69	6.62820811	0.0
1510039394	7175.6	7175.59	7177.85	7183.74	7180.78	49	4.40595863	6942.77	7408.68	7169.6934	7165.513362	2.576828	1.60321	1.018802	3.654414	21.8	-82.75	6.28632357	4.40595863
1510039514	7180.78	7180.76	7180.77	7180.77	7180.77	31	2.27759396	6946.51	7411.21	7171.397492	7166.643483	3.012264	1.741745	0.94603	3.394099	21.8	-79.41	5.66959594	-2.27759396
1510039634	7180.77	7180.77	7180.89	7185.8	7185.8	33	3.36391074	6945.73	7410.92	7172.857878	7167.698781	3.441631	1.717466	1.237742	3.151663	28.2	-74.7	5.31487514	3.36391074
1510039754	7185.8	7185.8	7186.9	7187.01	7187.0	36	4.79104735	6949.01	7414.1	7175.018204	7169.121094	3.932727	1.964383	1.235046	2.926544	29.68	-70.27	5.23428625	4.79104735
1510039874	7187.0	7184.57	7186.29	7187.0	7184.58	71	9.48896075	6948.54	7413.97	7176.752326	7170.392865	4.418074	1.941387	1.146828	2.890362	28.41	-66.67	5.88885156	-9.48896075
1510039994	7184.58	7180.0	7181.63	7184.58	7180.01	114	14.65087727	6944.72	7411.97	7177.502737	7171.225245	4.789958	1.487534	1.064912	3.010336	26.13	-63.99	7.23685552	-14.65087727
1510040114	7180.01	7170.84	7173.54	7180.01	7174.02	96	13.9427417	6940.87	7410.13	7176.893085	7171.396708	4.931242	0.565135	0.988847	3.223169	23.48	-62.27	8.26853032	-13.9427417
1510040234	7174.02	7174.02	7176.78	7179.87	7177.59	72	10.58293007	6942.81	7408.75	7176.875687	7171.79547	4.961037	0.11918	1.173215	2.992943	28.16	-59.48	8.62459182	10.58293007
1510040354	7177.59	7174.99	7176.62	7179.88	7175.03	61	9.76479386	6944.36	7409.98	7176.836351	7172.152843	4.905531	-0.222023	1.089414	2.962019	26.89	-57.43	8.80000752	-9.76479386
1510040474	7175.03	7170.0	7172.54	7175.86	7170.01	87	22.48690201	6942.55	7408.52	7176.175374	7172.181521	4.723195	-0.729342	1.011599	3.109018	24.55	-56.28	10.9056836	-22.48690201
1510040594	7170.01	7170.0	7170.01	7170.01	7170.01	101	16.12745047	6939.17	7406.46	7175.226855	7172.020668	4.419793	-1.213606	0.939342	2.886945	24.55	-55.33	11.70903235	0.0
1510040714	7170.01	7170.01	7172.36	7173.9	7173.9	62	2.98779706	6939.37	7407.41	7174.7858	7172.045804	4.083834	-1.343838	1.150103	2.680735	30.02	-52.99	10.36730384	2.98779706
1510040834	7173.9	7173.9	7174.78	7178.56	7178.56	80	16.53396435	6941.68	7409.15	7174.784908	7172.248337	3.774381	-1.23781	1.40081	2.489254	36.01	-49.19	11.31602084	16.53396435
1510040954	7178.56	7175.0	7175.46	7180.0	7175.95	77	10.57786161	6942.01	7409.48	7174.888768	7172.486238	3.500011	-1.097481	1.300752	2.497879	34.24	-46.45	11.20245788	-10.57786161
1510041074	7175.95	7175.94	7176.02	7180.0	7176.89	67	7.52205112	6942.47	7408.8	7175.062804	7172.747998	3.26297	-0.948164	1.274984	2.319459	35.47	-43.82	10.63624146	7.52205112
1510041194	7176.89	7175.95	7180.12	7181.17	7181.0	86	6.47661067	6943.98	7410.32	7175.840834	7173.294072	3.119728	-0.572966	1.477485	2.153783	40.69	-40.02	9.99629826	6.47661067
1510041314	7181.0	7180.01	7183.67	7187.0	7187.0	86	8.89842691	6944.36	7412.91	7177.045321	7174.062659	3.092315	-0.109653	1.800522	1.999941	47.38	-34.59	9.82739498	8.89842691
1510041434	7187.0	7187.0	7187.0	7187.01	7187.01	57	7.30789326	6947.65	7414.38	7178.57681	7175.020981	3.185018	0.370811	1.672628	1.857088	47.39	-30.17	9.43977933	7.30789326
1510041554	7187.01	7187.0	7187.01	7187.01	7187.01	56	3.62054391	6948.18	7414.48	7179.874224	7175.909056	3.341048	0.62412	1.553155	1.724439	47.39	-26.53	8.54451234	0.0
1510041674	7187.01	7187.0	7187.01	7187.01	7187.01	60	8.12780046	6948.65	7413.51	7180.972036	7176.731348	3.520976	0.719712	1.442215	1.601265	47.39	-23.47	8.48040282	0.0
1510041794	7187.01	7187.0	7187.01	7187.01	7187.0	81	7.66778022	6947.87	7414.49	7181.900954	7177.49273	3.698426	0.709798	1.3392	1.487603	47.38	-20.88	8.35538396	-7.66778022
1510041914	7187.0	7184.99	7186.57	7187.01	7185.79	110	7.66007498	6948.75	7414.58	7182.619269	7178.16512	3.849571	0.604578	1.243543	1.467774	45.86	-18.99	8.24841335	-7.66007498
1510042034	7185.79	7182.23	7183.77	7186.65	7182.23	54	5.28236426	6945.31	7411.88	7182.796305	7178.580296	3.922859	0.29315	1.154719	1.617219	41.66	-18.35	7.79209811	-5.28236426
1510042154	7182.23	7175.94	7180.74	7183.24	7175.95	93	7.35313972	6944.51	7410.18	7182.47995	7178.740274	3.886222	-0.146546	1.072239	1.950275	35.48	-19.56	7.72456605	-7.35313972
1510042274	7175.95	7175.94	7175.94	7175.95	7175.95	57	7.4535606	6942.74	7406.21	7181.473804	7178.532846	3.697169	-0.756211	0.99565	1.81097	35.48	-20.56	7.6828729	0.0
1510042394	7175.95	7175.94	7175.95	7175.95	7175.95	24	2.61277818	6942.25	7405.58	7180.623988	7178.341524	3.414228	-1.131764	0.924532	1.681615	35.48	-21.39	6.90285833	0.0
1510042514	7175.95	7175.94	7175.94	7175.95	7175.95	32	2.61829294	6941.9	7406.18	7179.903374	7178.163633	3.079331	-1.33959	0.858494	1.5615	35.48	-22.09	6.24369442	0.0
1510042634	7175.95	7175.94	7175.95	7175.95	7175.94	33	2.91779829	6941.75	7406.08	7179.295163	7177.99966	2.722565	-1.427062	0.797173	1.450679	35.46	-22.69	5.73201809	-2.91779829
1510042754	7175.94	7175.94	7175.95	7175.95	7175.95	31	3.13341192	6941.98	7406.37	7178.780523	7177.847833	2.36459	-1.4319	0.740946	1.347059	35.49	-23.2	5.33223253	3.13341192
1510042874	7175.95	7175.94	7175.95	7175.95	7175.95	38	3.20207298	6941.82	7406.48	7178.345058	7177.707253	2.019233	-1.381428	0.688021	1.250841	35.49	-23.65	5.00451568	0.0
1510042994	7175.95	7175.94	7175.94	7175.95	7175.95	51	8.30700574	6941.99	7406.24	7177.975049	7177.576345	1.695127	-1.296423	0.638877	1.161495	35.49	-24.04	5.51259107	0.0
1510043114	7175.95	7175.94	7175.94	7175.95	7175.95	31	6.02243267	6942.52	7406.1	7177.661965	7177.455134	1.397468	-1.190637	0.593243	1.078531	35.49	-24.38	5.59102824	0.0
1510043234	7175.95	7175.94	7175.94	7175.95	7175.94	40	9.0756642	6942.6	7405.73	7177.397047	7177.342902	1.128803	-1.074658	0.550868	1.002207	35.47	-24.68	6.12712608	-9.0756642
1510043354	7175.94	7175.94	7175.94	7175.95	7175.95	67	19.85737021	6942.08	7405.47	7177.172886	7177.238983	0.889823	-0.95592	0.512235	0.930621	35.5	-24.95	8.23947133	19.85737021
1510043474	7175.95	7175.94	7175.95	7175.95	7175.95	30	4.82826993	6942.15	7405.83	7176.98475	7177.143503	0.680108	-0.838861	0.475647	0.864148	35.5	-25.19	7.71467111	0.0
1510043594	7175.95	7175.94	7175.95	7175.95	7175.95	34	2.82644568	6942.32	7406.82	7176.825558	7177.055095	0.498179	-0.727716	0.441672	0.802423	35.5	-25.4	6.96263643	0.0
1510043714	7175.95	7175.94	7182.0	7184.99	7183.0	78	28.01900353	6942.48	7406.59	7177.621626	7177.421384	0.438592	-0.23835	0.913695	0.745107	55.08	-20.19	10.20207752	28.01900353
1510043834	7183.0	7182.99	7183.52	7184.98	7184.98	48	12.51545718	6944.44	7410.74	7178.529068	7177.873133	0.482061	0.173874	0.98986	0.691885	58.86	-14.46	10.55798208	12.51545718
1510043954	7184.98	7183.0	7184.89	7184.98	7184.97	54	9.51006626	6947.33	7412.34	7179.507673	7178.392901	0.608603	0.506169	0.919156	0.643179	58.83	-9.75	10.39676426	-9.51006626
1510044074	7184.97	7184.97	7187.48	7190.0	7190.0	55	52.12080833	6946.54	7412.24	7180.734185	7179.066019	0.820516	0.84765	1.212788	0.597238	67.0	-2.46	16.81584796	52.12080833
1510044194	7190.0	7190.0	7198.71	7199.99	7199.99	70	17.5687873	6946.58	7415.54	7183.499695	7180.521129	1.252126	1.72644	1.839732	0.554578	76.84	9.13	16.93168478	17.5687873
1510044314	7199.99	7199.98	7209.65	7227.0	7216.95	157	55.59431591	6971.64	7451.05	7187.522819	7182.678823	1.9705	2.873496	2.919751	0.514965	85.01	24.98	22.87978188	55.59431591
1510044434	7216.95	7212.94	7216.91	7216.95	7212.94	39	1.99071913	6969.96	7447.63	7192.043924	7185.214466	2.942292	3.887166	2.711197	0.76461	78.0	32.64	19.66607992	-1.99071913
1510044554	7212.94	7209.35	7211.84	7212.04	7209.75	43	2.70376225	6965.79	7442.14	7195.089474	7187.186728	3.934383	3.968363	2.51754	0.937852	72.86	35.85	17.05649259	-2.70376225
1510044674	7209.75	7200.0	7202.23	7209.74	7200.01	55	2.75608191	6952.26	7434.26	7196.188016	7188.301044	4.724901	3.162071	2.337716	1.566577	59.88	32.6	14.85642941	-2.75608191
1510044794	7200.01	7200.0	7200.02	7200.1	7200.1	48	4.20217484	6951.52	7431.96	7196.777552	7189.169115	5.301608	2.306829	2.177165	1.454679	59.95	30.38	13.21731332	4.20217484
1510044914	7200.1	7200.1	7200.1	7200.1	7200.1	32	2.64864922	6952.69	7431.75	7197.288698	7189.97881	5.703264	1.606624	2.021653	1.350773	59.95	28.77	11.591365	0.0
1510045034	7200.1	7200.09	7200.1	7200.1	7200.1	31	5.41611847	6951.83	7432.04	7197.721206	7190.728528	5.961147	1.031531	1.877249	1.254289	59.95	27.54	10.64132707	0.0
1510045154	7200.1	7200.09	7200.26	7201.0	7201.0	54	6.36416837	6951.39	7431.86	7198.11179	7191.434563	6.104363	0.572864	1.807445	1.164697	60.81	26.83	9.98330265	6.36416837
1510045274	7201.0	7201.0	7207.61	7210.12	7207.97	67	6.31975375	6953.65	7434.39	7199.573053	7192.632744	6.271552	0.668757	2.176199	1.081504	66.8	28.14	9.41967974	6.31975375
1510045394	7207.97	7207.95	7207.96	7207.97	7207.96	40	7.13942879	6954.98	7433.99	7200.863353	7193.768096	6.436293	0.658964	2.020756	1.004968	66.79	29.16	9.0688719	-7.13942879
1510045514	7207.96	7207.95	7207.97	7208.0	7207.97	59	15.65559776	6954.63	7434.29	7201.956683	7194.820089	6.576353	0.560241	1.877131	0.933185	66.79	29.97	10.08221434	15.65559776
1510045634	7207.97	7207.95	7208.44	7210.87	7207.95	77	23.71030799	6954.14	7434.89	7202.954116	7195.828971	6.686111	0.439034	1.74305	0.867958	66.76	30.62	12.17884413	-23.71030799
1510045754	7207.95	7207.95	7208.16	7208.51	7208.51	59	16.08780277	6954.38	7434.88	7203.755021	7196.742381	6.751417	0.261223	1.658546	0.805961	67.3	31.31	12.78022238	16.08780277
1510045874	7208.51	7208.51	7210.71	7212.7	7212.7	51	23.79622616	6966.11	7439.77	7204.825018	7197.777019	6.810733	0.237266	1.839364	0.748392	71.08	33.0	14.47499219	23.79622616
1510045994	7212.7	7212.7	7214.44	7219.69	7216.65	76	25.08716981	6969.56	7443.73	7206.304246	7199.011314	6.907173	0.385759	1.990124	0.694935	74.12	35.4	16.1076349	25.08716981
1510046114	7216.65	7215.12	7216.82	7221.99	7218.99	62	20.54774587	6970.8	7444.66	7207.922054	7200.330476	7.044054	0.547524	2.015115	0.645297	75.74	37.94	16.7907289	20.54774587
1510046234	7218.99	7215.92	7222.52	7228.2	7220.0	75	23.07178611	6973.21	7449.94	7210.167892	7201.974144	7.273993	0.919755	1.943321	0.599204	76.43	40.23	17.75704539	23.07178611
1510046354	7220.0	7213.45	7219.49	7228.92	7223.98	59	21.33410219	6972.0	7448.91	7211.602062	7203.271615	7.485284	0.845163	2.088798	0.556404	78.97	43.04	18.30736182	21.33410219
1510046474	7223.98	7218.05	7223.65	7229.98	7219.68	47	14.69258589	6975.8	7453.36	7213.455591	7204.781125	7.72312	0.951346	1.939598	0.823804	70.19	42.79	17.75124245	-14.69258589
1510046594	7219.68	7216.0	7216.23	7219.3	7216.1	45	4.02567877	6971.09	7444.48	7213.882423	7205.62919	7.829143	0.42409	1.801055	1.020675	63.83	40.55	15.63961727	-4.02567877
1510046714	7216.1	7215.0	7215.62	7216.1	7215.26	39	1.74764878	6971.7	7443.98	7214.149743	7206.36925	7.819413	-0.03892	1.672408	1.00777	62.4	38.3	13.50239135	-1.74764878
1510046834	7215.26	7215.13	7215.29	7215.3	7215.3	30	1.84283435	6971.43	7444.34	7214.325167	7207.030046	7.714555	-0.419434	1.555807	0.935786	62.44	36.5	11.70861335	1.84283435
1510046954	7215.3	7215.29	7215.3	7215.3	7215.3	30	1.75501089	6973.12	7444.0	7214.475141	7207.642635	7.538145	-0.705639	1.444678	0.868944	62.44	35.03	10.17728989	0.0
1510047074	7215.3	7215.29	7215.29	7215.3	7215.3	40	4.40759763	6972.42	7444.62	7214.600504	7208.209106	7.308796	-0.917398	1.341487	0.806877	62.44	33.8	9.28964493	0.0
1510047194	7215.3	7215.29	7215.3	7215.3	7215.3	37	1.24696678	6972.95	7444.72	7214.708119	7208.734357	7.041789	-1.068027	1.245667	0.749243	62.44	32.76	8.05230983	0.0
1510047314	7215.3	7198.04	7203.68	7215.3	7198.04	180	18.81195963	6974.13	7444.33	7213.011485	7208.35996	6.563736	-1.912211	1.156691	1.928583	37.49	22.13	9.70764057	-18.81195963
1510047434	7198.04	7195.97	7197.96	7198.04	7198.04	56	3.32603548	6953.79	7430.71	7210.695872	7207.589593	5.872245	-2.765966	1.07407	1.790827	37.49	14.16	8.72585517	0.0
1510047554	7198.04	7198.03	7198.03	7198.04	7198.04	37	2.73590603	6953.58	7431.55	7208.747276	7206.881475	5.070956	-3.205155	0.997351	1.662911	37.49	7.98	7.80432453	0.0
1510047674	7198.04	7198.03	7198.03	7198.04	7198.04	40	2.98403545	6953.3	7431.16	7207.098464	7206.22581	4.231296	-3.358642	0.926112	1.544132	37.49	3.06	7.06274159	0.0
1510047794	7198.04	7198.04	7199.1	7201.64	7201.64	47	2.0545294	6953.48	7431.83	7205.867931	7205.697972	3.419029	-3.24907	1.117104	1.433837	43.79	0.6	6.29224741	2.0545294
1510047914	7201.64	7201.64	7204.96	7205.0	7205.0	33	1.64864457	6956.55	7434.48	7205.728249	7205.643307	2.752212	-2.66727	1.277311	1.33142	48.96	0.07	5.57784697	1.64864457
1510048034	7205.0	7205.0	7205.36	7206.0	7206.0	45	1.32149745	6955.99	7434.69	7205.671595	7205.622321	2.211624	-2.16235	1.257503	1.236319	50.42	0.08	4.92302397	1.32149745
1510048154	7206.0	7206.0	7206.95	7207.0	7206.99	54	9.01752305	6956.93	7435.23	7205.868273	7205.720668	1.79882	-1.651215	1.238396	1.148011	51.89	0.51	5.55294691	9.01752305
1510048274	7206.99	7206.99	7206.99	7207.0	7207.0	54	5.83597142	6956.23	7434.54	7206.040846	7205.814693	1.484287	-1.258134	1.150653	1.06601	51.91	0.87	5.59648914	5.83597142
1510048394	7207.0	7183.33	7199.61	7207.0	7183.33	175	26.14445441	6957.37	7434.17	7205.051485	7205.355086	1.126709	-1.43031	1.068464	2.680581	28.5	-8.64	8.75771457	-26.14445441
1510048514	7183.33	7175.94	7177.99	7183.33	7175.95	77	10.27553767	6943.85	7409.6	7200.88818	7203.328043	0.413395	-2.853258	0.992145	3.016254	24.75	-17.69	8.99122582	-10.27553767
1510048634	7175.95	7175.94	7175.94	7175.95	7175.95	39	6.25381148	6944.5	7408.49	7197.049998	7201.299299	-0.519144	-3.730157	0.921278	2.800807	24.75	-24.06	8.57008515	0.0
1510048754	7175.95	7175.94	7175.94	7175.95	7175.95	31	2.60214636	6944.39	7408.27	7193.802306	7199.420832	-1.53902	-4.079506	0.855472	2.600749	24.75	-28.78	7.65194072	0.0
1510048874	7175.95	7175.94	7175.95	7175.95	7175.95	27	1.58344103	6944.25	7408.63	7191.055797	7197.682252	-2.556507	-4.069948	0.794367	2.414981	24.75	-32.4	6.71832538	0.0
1510048994	7175.95	7175.94	7175.94	7175.95	7175.95	49	12.27136946	6944.3	7408.35	7188.73029	7196.071715	-3.513491	-3.827934	0.737627	2.242482	24.75	-35.26	7.57263985	0.0
1510049114	7175.95	7175.94	7175.94	7175.95	7175.95	57	12.96829661	6943.53	7408.71	7186.762553	7194.580477	-4.374378	-3.443546	0.684939	2.082305	24.75	-37.58	8.40274089	0.0
1510049234	7175.95	7175.94	7175.94	7175.95	7175.94	47	3.12478778	6944.28	7408.61	7185.097545	7193.199701	-5.119934	-2.982222	0.636015	1.934283	24.74	-39.49	7.5907481	-3.12478778
1510049354	7175.94	7175.94	7175.95	7175.95	7175.95	61	2.72230449	6943.63	7407.65	7183.69023	7191.921945	-5.74229	-2.489425	0.5913	1.79612	24.77	-41.08	6.84175678	2.72230449
1510049474	7175.95	7175.94	7175.95	7175.95	7175.95	31	3.5915913	6943.15	7408.33	7182.499425	7190.738838	-6.241715	-1.997698	0.549064	1.667826	24.77	-42.42	6.34173132	0.0
1510049594	7175.95	7175.5	7175.95	7177.71	7176.21	106	13.09860395	6943.2	7408.96	7181.491821	7189.643369	-6.623682	-1.527866	0.528417	1.548696	25.44	-43.41	7.38125019	13.09860395
1510049714	7176.21	7176.19	7176.2	7176.21	7176.2	57	5.54463252	6943.51	7408.95	7180.677695	7188.647564	-6.892919	-1.07695	0.490673	1.438789	25.43	-44.27	7.09869363	-5.54463252
1510049834	7176.2	7176.19	7176.2	7176.2	7176.2	42	2.52217322	6943.82	7409.72	7179.988819	7187.725522	-7.061676	-0.675027	0.455625	1.336018	25.43	-45.01	6.39461357	0.0
1510049954	7176.2	7176.19	7176.19	7176.2	7176.2	48	6.80966993	6943.46	7410.12	7179.404385	7186.871039	-7.142672	-0.323982	0.42308	1.240588	25.43	-45.66	6.45846839	0.0
1510050074	7176.2	7176.19	7176.19	7176.2	7176.2	37	4.82003912	6943.34	7410.07	7178.909864	7186.079851	-7.148135	-0.021852	0.39286	1.151975	25.43	-46.23	6.20640235	0.0
1510050194	7176.2	7176.19	7176.19	7176.2	7176.2	57	6.42581336	6944.03	7408.76	7178.491423	7185.347269	-7.089677	0.233831	0.364799	1.069691	25.43	-46.74	6.24015789	0.0
1510050314	7176.2	7176.19	7176.2	7176.2	7176.2	32	3.17431207	6942.41	7410.51	7178.138896	7184.669694	-6.977901	0.447103	0.338742	0.993285	25.43	-47.18	5.7684893	0.0
1510050434	7176.2	7176.2	7176.2	7176.2	7176.2	25	1.5733397	6942.61	7410.38	7177.840604	7184.042309	-6.822662	0.620957	0.314546	0.922336	25.43	-47.58	5.12308167	0.0
1510050554	7176.2	7176.19	7176.2	7176.2	7176.2	70	2.64189493	6942.54	7409.54	7177.588203	7183.461397	-6.632768	0.759574	0.292078	0.856455	25.43	-47.94	4.74136063	0.0
1510050674	7176.2	7176.19	7176.2	7176.2	7176.2	34	3.20287205	6942.65	7409.96	7177.374633	7182.923516	-6.415991	0.867108	0.271215	0.79528	25.43	-48.26	4.50467008	0.0
1510050794	7176.2	7175.01	7175.51	7176.2	7175.02	75	7.21668671	6944.11	7409.54	7177.087766	7182.374367	-6.190113	0.903512	0.251842	0.82276	23.44	-48.98	4.92190341	-7.21668671
1510050914	7175.02	7175.01	7175.02	7175.02	7175.02	34	5.20929411	6944.85	7409.28	7176.769648	7181.829599	-5.964081	0.90413	0.233853	0.763991	23.44	-49.62	4.96611736	0.0
1510051034	7175.02	7175.01	7175.01	7175.02	7175.02	42	3.42783762	6945.79	7409.37	7176.498933	7181.324444	-5.736367	0.910856	0.217149	0.70942	23.44	-50.19	4.72945894	0.0
1510051154	7175.02	7175.01	7175.02	7175.02	7175.02	38	3.65153272	6942.57	7408.61	7176.271405	7180.857448	-5.506302	0.920259	0.201638	0.658747	23.44	-50.7	4.56362414	0.0
1510051274	7175.02	7175.01	7175.02	7175.02	7175.02	34	5.32246292	6943.72	7408.55	7176.078881	7180.425044	-5.274274	0.928111	0.187235	0.611694	23.44	-51.16	4.68036857	0.0
1510051394	7175.02	7175.01	7175.02	7175.02	7175.02	40	6.89497067	6942.39	7408.54	7175.915976	7180.02467	-5.041158	0.932464	0.173861	0.568002	23.44	-51.58	5.02107659	0.0
1510051514	7175.02	7175.01	7175.02	7175.02	7175.02	51	14.27558118	6941.27	7406.61	7175.778134	7179.653954	-4.80809	0.93227	0.161442	0.52743	23.44	-51.95	6.44484653	0.0
1510051634	7175.02	7175.01	7175.02	7175.02	7175.02	40	20.57699727	6942.65	7407.7	7175.661498	7179.310698	-4.576312	0.927112	0.14991	0.489756	23.44	-52.29	8.61902357	0.0
1510051754	7175.02	7175.01	7176.15	7180.0	7180.0	49	22.39122701	6944.62	7409.3	7175.736652	7179.076572	-4.329034	0.989114	0.494916	0.454773	52.11	-44.02	10.7378241	22.39122701
1510051874	7180.0	7176.18	7185.11	7189.52	7185.86	168	26.118855	6946.94	7411.85	7177.178706	7179.523493	-3.932185	1.587398	0.878136	0.422289	67.53	-28.59	13.10413655	26.118855
1510051994	7185.86	7179.04	7185.97	7189.98	7189.59	86	23.7639754	6946.66	7411.15	7178.531213	7180.001012	-3.439708	1.969909	1.081841	0.392126	73.4	-12.77	14.74411176	23.7639754
1510052114	7189.59	7179.18	7185.73	7192.98	7190.1	88	28.46337953	6946.48	7411.64	7179.638719	7180.425381	-2.909099	2.122437	1.040995	0.364117	74.09	-0.93	16.85476834	28.46337953
1510052234	7190.1	7179.61	7188.17	7192.97	7191.19	41	7.89676321	6952.72	7426.76	7180.951224	7180.999056	-2.336846	2.289014	1.044495	0.338109	75.55	8.82	15.4766137	7.89676321
1510052354	7191.19	7181.55	7185.35	7192.99	7192.48	48	2.88786214	6947.32	7413.05	7181.627959	7181.321348	-1.808155	2.114766	1.062031	0.313958	77.18	17.2	13.53988269	2.88786214
1510052474	7192.48	7183.57	7185.6	7192.15	7185.99	25	2.4999728	6952.47	7418.62	7182.239042	7181.638285	-1.326373	1.92713	0.986172	0.755104	56.64	16.71	11.84143501	-2.4999728
1510052594	7185.99	7185.09	7185.54	7185.56	7185.29	48	3.94547955	6952.63	7414.4	7182.746882	7181.927301	-0.897182	1.716763	0.915731	0.751168	54.94	15.68	10.62667263	-3.94547955
1510052714	7185.29	7185.0	7185.01	7185.08	7185.01	27	3.70030886	6951.06	7414.99	7183.095054	7182.155649	-0.529865	1.46927	0.850322	0.717513	54.24	14.67	9.5610782	-3.70030886
1510052834	7185.01	7181.8	7182.4	7185.01	7181.81	35	2.5327704	6947.04	7413.48	7182.988123	7182.173749	-0.261017	1.075391	0.789585	0.894833	46.88	11.06	8.47980008	-2.5327704
1510052954	7181.81	7181.8	7181.81	7181.81	7181.81	49	5.73639068	6946.66	7413.01	7182.806873	7182.146805	-0.0768	0.736868	0.733186	0.830916	46.88	8.35	8.0577371	0.0
1510053074	7181.81	7181.8	7181.81	7181.81	7181.81	26	1.51091075	6947.8	7413.0	7182.653508	7182.121856	0.04489	0.486762	0.680816	0.771565	46.88	6.24	7.05053305	0.0
1510053194	7181.81	7181.8	7181.8	7181.81	7181.81	34	5.01639587	6947.95	7413.4	7182.522199	7182.098015	0.120749	0.303435	0.632186	0.716453	46.88	4.55	6.73758887	0.0
1510053314	7181.81	7181.8	7181.81	7181.81	7181.81	22	1.44333954	6947.01	7413.23	7182.41263	7182.076681	0.163789	0.17216	0.58703	0.665278	46.88	3.18	5.92308897	0.0
1510053434	7181.81	7181.81	7181.87	7181.93	7181.9	34	1.23617223	6946.96	7413.31	7182.329148	7182.061371	0.184587	0.08319	0.551528	0.617758	47.17	2.11	5.20202486	1.23617223
1510053554	7181.9	7181.89	7181.9	7181.9	7181.9	27	0.68837835	6945.82	7413.16	7182.263125	7182.049418	0.190411	0.023296	0.512133	0.573632	47.17	1.22	4.5076177	0.0
1510053674	7181.9	7181.89	7181.9	7181.9	7181.9	30	5.04523684	6946.18	7413.02	7182.20726	7182.03835	0.186111	-0.017201	0.475552	0.532658	47.17	0.46	4.59032834	0.0
1510053794	7181.9	7181.9	7181.9	7181.9	7181.9	28	3.42562303	6947.2	7412.86	7182.159989	7182.028102	0.175266	-0.043379	0.441584	0.494611	47.17	-0.19	4.41114291	0.0
1510053914	7181.9	7181.89	7181.9	7181.9	7181.9	23	3.15363954	6946.64	7413.92	7182.119991	7182.018613	0.160488	-0.05911	0.410042	0.459282	47.17	-0.76	4.21768085	0.0
1510054034	7181.9	7181.89	7182.87	7185.41	7185.41	27	1.50103954	6945.68	7413.3	7182.235377	7182.081679	0.15913	-0.005432	0.631468	0.426476	59.69	2.16	3.79973603	1.50103954
1510054154	7185.41	7185.4	7188.35	7194.18	7194.18	66	7.47592772	6952.74	7427.11	7183.176088	7182.545999	0.253322	0.376767	1.212792	0.396013	75.38	12.14	4.36530398	7.47592772
1510054274	7194.18	7194.17	7194.86	7195.0	7194.99	58	7.13448518	6953.44	7427.92	7184.973613	7183.458147	0.505751	1.009715	1.184021	0.367726	76.3	19.89	4.79133186	7.13448518
1510054394	7194.99	7194.99	7199.38	7201.0	7201.0	54	8.73912347	6955.79	7431.61	7187.18998	7184.637544	0.915088	1.637348	1.528734	0.34146	81.74	29.28	5.39868442	8.73912347
1510054514	7201.0	7201.0	7206.33	7210.0	7210.0	63	5.55267757	6956.89	7433.63	7190.134598	7186.244393	1.510111	2.380094	2.062396	0.31707	86.67	40.1	5.42237567	5.55267757
1510054634	7210.0	7201.42	7207.77	7210.0	7206.22	52	5.26805956	6959.92	7434.54	7192.847737	7187.838882	2.20986	2.798995	1.915082	0.564422	77.24	43.59	5.39863473	-5.26805956
1510054754	7206.22	7204.0	7205.39	7206.16	7204.0	53	2.62632304	6959.94	7433.91	7194.777316	7189.138965	2.895558	2.742793	1.77829	0.682678	72.26	43.97	4.97212524	-2.62632304
1510054874	7204.0	7202.26	7203.31	7204.0	7202.26	38	5.27211894	6958.05	7434.06	7196.090037	7190.188671	3.49672	2.404646	1.651269	0.758201	68.53	42.78	5.01827812	-5.27211894
1510054994	7202.26	7201.58	7206.51	7210.0	7206.51	34	4.26032734	6957.39	7434.07	7197.693108	7191.397658	4.056466	2.238984	1.836893	0.704044	72.29	43.27	4.90167031	4.26032734
1510055114	7206.51	7201.99	7203.7	7206.15	7202.0	34	2.22637801	6957.07	7432.69	7198.617245	7192.308943	4.506833	1.801469	1.705686	0.975898	63.61	40.24	4.49008688	-2.22637801
1510055234	7202.0	7194.39	7200.51	7205.98	7194.39	86	12.67453637	6956.62	7432.32	7198.908438	7192.916429	4.803868	1.188141	1.583851	1.449762	52.21	32.89	5.74923296	-12.67453637
1510055354	7194.39	7198.99	7200.31	7205.77	7205.77	83	7.05682291	6955.64	7431.62	7199.124063	7193.464101	4.975087	0.684875	2.283576	1.346208	62.91	31.35	5.95040064	7.05682291
1510055474	7205.77	7205.76	7205.97	7205.98	7205.98	40	6.04619869	6958.51	7434.23	7200.177284	7194.390464	5.137434	0.649386	2.135463	1.25005	63.08	30.35	5.9651388	6.04619869
1510055594	7205.98	7205.76	7205.97	7205.98	7205.98	34	3.17748031	6958.48	7434.15	7201.068471	7195.248207	5.274	0.546264	1.98293	1.160761	63.08	29.64	5.53626826	0.0
1510055714	7205.98	7199.75	7204.84	7205.98	7205.09	48	8.76349041	6958.29	7433.76	7201.648706	7195.95871	5.357199	0.332797	1.841292	1.141421	61.73	28.64	6.03276398	-8.76349041
1510055834	7205.09	7193.0	7196.08	7206.0	7205.92	65	30.30686825	6956.29	7433.73	7200.791982	7195.967694	5.250617	-0.426329	1.769057	1.059891	62.53	28.1	9.76724156	30.30686825
1510055954	7205.92	7202.0	7204.2	7210.0	7209.0	77	15.2498203	6959.45	7436.72	7201.316292	7196.577494	5.148253	-0.409455	1.862696	0.984184	65.43	28.55	10.61071521	15.2498203
1510056074	7209.0	7202.0	7202.86	7209.66	7202.02	59	10.04359353	6956.79	7433.4	7201.553786	7197.042865	5.020787	-0.509866	1.729646	1.412457	55.05	25.44	10.52346572	-10.04359353
1510056194	7202.02	7202.0	7203.53	7207.06	7202.0	59	7.05671956	6957.43	7433.58	7201.857819	7197.523394	4.883515	-0.54909	1.6061	1.312996	55.02	23.02	9.99012016	-7.05671956
1510056314	7202.0	7200.0	7200.73	7204.79	7200.0	100	12.74654784	6955.15	7431.88	7201.684308	7197.76092	4.69149	-0.768102	1.491379	1.362068	52.27	20.18	10.41418596	-12.74654784
1510056434	7200.0	7193.0	7194.36	7202.78	7193.0	155	31.65197359	6953.01	7427.7	7200.557491	7197.509	4.36289	-1.314399	1.384852	1.764777	43.97	14.8	13.6815379	-31.65197359
1510056554	7193.0	7193.01	7199.11	7205.57	7203.85	124	19.01613589	6957.89	7434.25	7200.3348	7197.627593	4.031753	-1.324546	2.060934	1.638722	55.71	14.13	14.50224528	19.01613589
1510056674	7203.85	7193.06	7200.41	7206.42	7206.39	103	12.21334836	6956.14	7434.39	7200.346369	7197.833697	3.727937	-1.215265	2.095153	1.52167	57.93	14.41	14.15010729	12.21334836
1510056794	7206.39	7196.16	7204.78	7207.0	7206.08	77	9.53304852	6957.23	7431.83	7201.028466	7198.348238	3.518395	-0.838167	1.945499	1.435122	57.55	14.49	13.43979056	-9.53304852
1510056914	7206.08	7206.07	7217.65	7230.0	7214.88	210	52.42028015	6957.11	7432.87	7203.585625	7199.777998	3.576241	0.231386	2.435106	1.332613	64.63	17.08	19.43678896	52.42028015
1510057034	7214.88	7214.95	7221.62	7232.84	7229.0	148	38.08800632	6981.67	7460.34	7206.360144	7201.395924	3.853837	1.110383	3.269741	1.237426	72.55	22.68	22.30620702	38.08800632
1510057154	7229.0	7225.01	7225.62	7229.01	7225.01	84	19.20374275	6978.48	7456.0	7209.323199	7203.1903	4.309649	1.82325	3.036188	1.434038	67.92	25.18	21.82890482	-19.20374275
1510057274	7225.01	7219.0	7222.65	7225.02	7219.01	119	17.85204765	6975.67	7451.0	7211.373476	7204.631759	4.796063	1.945654	2.819317	1.760178	61.56	24.82	21.21708064	-17.85204765
1510057394	7219.01	7215.52	7215.98	7219.01	7215.99	73	15.56552114	6974.0	7446.14	7212.082172	7205.472369	5.158811	1.450992	2.617937	1.850165	58.59	23.48	20.34760995	-15.56552114
1510057514	7215.99	7215.98	7217.48	7226.26	7224.36	55	14.8578032	6973.67	7446.43	7212.912607	7206.361823	5.437206	1.113578	3.028799	1.71801	63.81	24.24	19.5030243	14.8578032
1510057634	7224.36	7217.42	7221.4	7224.36	7217.43	77	19.08542621	6978.18	7455.16	7214.21836	7207.475762	5.698284	1.044314	2.812456	2.090295	57.36	22.53	19.43877844	-19.08542621
1510057754	7217.43	7215.0	7215.13	7217.42	7215.01	78	15.86490349	6975.2	7445.03	7214.358612	7208.042743	5.821801	0.494068	2.611566	2.113845	55.27	20.49	18.88895152	-15.86490349
1510057874	7215.01	7215.0	7215.0	7215.01	7215.01	85	19.00500816	6974.4	7444.52	7214.457287	7208.558095	5.837279	0.061913	2.425026	1.962856	55.27	18.92	18.90680639	0.0
1510057994	7215.01	7201.87	7204.65	7215.01	7201.98	58	12.34083238	6959.98	7435.32	7212.948474	7208.268606	5.605797	-0.925929	2.25181	2.753366	44.99	13.85	17.89665654	-12.34083238
1510058114	7201.98	7200.0	7200.13	7201.5	7200.02	67	11.68011985	6956.84	7430.56	7210.976401	7207.665746	5.146769	-1.836114	2.090966	2.696697	43.67	9.45	16.94026628	-11.68011985
1510058234	7200.02	7185.0	7192.62	7200.02	7189.99	133	28.61333809	6953.68	7419.43	7208.152339	7206.551246	4.437634	-2.836541	1.941611	3.220504	37.61	3.48	18.73612348	-28.61333809
1510058354	7189.99	7189.99	7189.99	7190.0	7190.0	44	5.11393781	6949.0	7417.65	7205.358133	7205.324487	3.556836	-3.52319	1.803639	2.990468	37.62	-1.09	16.64040261	5.11393781
1510058474	7190.0	7189.99	7212.73	7220.0	7220.0	113	21.02674042	6954.74	7430.59	7206.492266	7205.873044	2.969313	-2.350091	3.817665	2.776863	57.89	2.31	17.31522381	21.02674042
1510058594	7220.0	7215.39	7219.7	7220.0	7220.0	73	11.29523223	6976.02	7450.9	7208.524225	7206.897263	2.700843	-1.073881	3.544975	2.578516	57.89	4.73	16.38907126	0.0
1510058714	7220.0	7219.99	7220.04	7222.98	7220.02	47	6.98283438	6978.8	7452.93	7210.295883	7207.870799	2.645691	-0.220607	3.293191	2.394336	57.9	6.55	14.94195789	6.98283438
1510058834	7220.02	7210.4	7217.64	7220.02	7218.57	91	12.4162382	6977.15	7446.45	7211.425747	7208.594444	2.682813	0.14849	3.057963	2.326883	56.79	7.63	14.55338563	-12.4162382
1510058954	7218.57	7203.62	7211.87	7218.56	7205.9	71	12.40402245	6954.85	7434.21	7211.494094	7208.837078	2.677654	-0.020638	2.839537	3.065677	48.09	5.67	14.22271437	-12.40402245
1510059074	7205.9	7195.0	7198.8	7205.86	7197.5	68	10.30718338	6958.18	7430.79	7209.541156	7208.093591	2.431636	-0.984071	2.636713	3.4467	43.34	2.4	13.62032499	-10.30718338
1510059194	7197.5	7195.12	7200.04	7208.15	7208.13	90	12.4480586	6956.68	7428.82	7208.07944	7207.497029	2.061791	-1.47938	3.207662	3.200507	50.06	1.96	13.43997631	12.4480586
1510059314	7208.13	7201.52	7208.09	7210.0	7210.0	39	4.15060316	6960.33	7432.13	7208.081065	7207.540953	1.757455	-1.217343	3.112115	2.971899	51.15	1.98	12.01084198	4.15060316
1510059434	7210.0	7203.35	7215.62	7219.98	7218.21	71	19.76456011	6978.9	7447.52	7209.240901	7208.139401	1.626264	-0.524764	3.47625	2.759621	55.75	3.52	13.20372169	19.76456011
1510059554	7218.21	7211.02	7218.61	7219.99	7218.24	147	46.2471804	6978.58	7445.1	7210.682301	7208.915001	1.654471	0.112829	3.230089	2.562505	55.76	4.73	18.28733072	46.2471804
1510059674	7218.24	7203.0	7206.75	7218.24	7203.01	76	14.84203712	6959.6	7433.18	7210.077332	7208.754631	1.588117	-0.265416	2.999368	3.467326	46.38	2.7	17.75728555	-14.84203712
1510059794	7203.01	7176.0	7182.41	7203.01	7176.0	270	89.70256761	6950.54	7409.44	7205.820819	7206.803177	1.074022	-2.05638	2.785127	5.148946	35.1	-3.69	28.82579048	-89.70256761
1510059914	7176.0	7160.01	7170.26	7176.01	7160.24	215	49.81806227	6929.92	7402.12	7200.349924	7204.096275	0.109947	-3.856298	2.586189	5.906878	30.45	-10.76	32.05537076	-49.81806227
1510060034	7160.24	7125.0	7139.46	7170.59	7140.0	288	74.07163672	6929.67	7401.55	7190.982243	7199.308403	-1.577274	-6.748886	2.401461	6.930672	25.73	-18.55	38.51941168	-74.07163672
1510060154	7140.0	7137.22	7143.74	7161.0	7160.99	85	22.5414112	6903.35	7376.17	7183.714206	7195.192225	-3.557423	-7.920596	3.729214	6.435624	36.69	-20.31	36.06125776	22.5414112
1510060274	7160.99	7140.0	7156.31	7161.72	7140.0	83	18.07867105	6930.38	7402.14	7179.498174	7192.31206	-5.408716	-7.40517	3.462842	7.475222	31.66	-23.81	33.29470596	-18.07867105
1510060394	7140.0	7115.0	7131.11	7140.7	7123.73	218	58.70754426	6902.44	7374.32	7172.05384	7187.778574	-7.47192	-8.252814	3.215496	8.10342	28.41	-27.83	37.20437339	-58.70754426
1510060514	7123.73	7100.0	7108.93	7123.73	7105.21	222	85.89238581	6889.97	7354.8	7162.34248	7181.937939	-9.896628	-9.698831	2.985818	8.847461	25.23	-32.26	44.69483684	-85.89238581
1510060634	7105.21	7100.0	7102.98	7105.21	7100.12	143	28.82977449	6885.81	7350.18	7153.209791	7176.089203	-12.493185	-10.386227	2.772545	8.579071	24.42	-35.83	42.25405802	-28.82977449
1510060754	7100.12	7100.0	7102.69	7105.05	7100.43	85	22.04690841	6886.05	7349.2	7145.437515	7170.652225	-15.03749	-10.17722	2.596649	7.96628	24.58	-38.45	39.14526577	22.04690841
1510060874	7100.43	7080.0	7093.37	7100.37	7091.07	155	23.86331673	6883.82	7342.95	7137.427128	7164.927616	-17.53009	-9.970398	2.411174	8.065831	23.01	-41.1	36.79419669	-23.86331673
1510060994	7091.07	7076.25	7078.71	7090.99	7077.0	88	21.62271731	6876.36	7322.29	7128.393724	7158.541126	-20.053552	-10.09385	2.238947	8.4947	20.86	-44.05	34.46012294	-21.62271731
1510061114	7077.0	7074.0	7075.32	7077.0	7075.0	81	28.59630259	6877.51	7323.04	7120.228536	7152.376598	-22.472454	-9.675608	2.079022	8.030793	20.56	-46.45	33.55799673	-28.59630259
1510061234	7075.0	7070.0	7071.61	7075.0	7071.02	73	18.89184094	6868.91	7320.63	7112.748761	7146.393887	-24.706988	-8.938138	1.93052	7.741451	19.96	-48.59	31.30166507	-18.89184094
1510061354	7071.02	7051.12	7061.68	7071.37	7060.0	182	44.72478763	6868.79	7311.42	7104.892029	7140.118784	-26.810941	-8.415814	1.792626	7.975633	18.35	-50.91	33.36676085	-44.72478763
1510061474	7060.0	7051.0	7058.63	7060.0	7060.0	142	66.95324684	6863.51	7302.77	7097.774794	7134.082578	-28.71031	-7.597474	1.664581	7.405945	18.35	-52.78	38.53391254	0.0
1510061594	7060.0	7059.99	7060.0	7060.0	7060.0	60	7.97702288	6864.55	7303.13	7091.963287	7128.59498	-30.294587	-6.337106	1.545682	6.876949	18.35	-54.3	33.83285259	0.0
1510061714	7060.0	7059.99	7061.89	7070.0	7069.67	115	58.02764308	6864.22	7302.1	7087.336627	7123.65387	-31.499118	-4.818125	2.12599	6.385738	24.98	-53.82	37.55512805	58.02764308
1510061834	7069.67	7062.17	7064.15	7069.43	7063.82	74	9.5374181	6869.94	7304.66	7083.769454	7119.246176	-32.294639	-3.182083	1.974134	6.347471	23.72	-53.75	33.24471113	-9.5374181
1510061954	7063.82	7063.05	7068.61	7086.97	7082.65	112	38.26077953	6869.31	7302.96	7081.43723	7115.495348	-32.647335	-1.410783	3.178124	5.89408	35.03	-50.26	34.01641396	38.26077953
1510062074	7082.65	7081.01	7085.22	7094.54	7094.28	84	27.39237708	6879.42	7324.06	7082.019195	7113.25273	-32.364575	1.13104	3.781829	5.473074	40.86	-45.42	32.99733136	27.39237708
1510062194	7094.28	7094.08	7097.37	7099.66	7097.99	75	30.56268655	6885.58	7342.84	7084.380857	7112.076231	-31.430735	3.735361	3.776698	5.08214	42.63	-40.93	32.62277062	30.56268655
1510062314	7097.99	7097.98	7097.99	7097.99	7097.99	62	19.69891427	6884.55	7341.55	7086.474571	7111.032806	-30.056235	5.498	3.506934	4.71913	42.63	-37.29	30.63448503	0.0
1510062434	7097.99	7097.98	7098.71	7099.99	7099.99	39	13.25999422	6886.86	7347.61	7088.356945	7110.120006	-28.3976	6.634539	3.399296	4.382049	43.69	-33.96	27.96148644	13.25999422
1510062554	7099.99	7099.98	7099.99	7099.99	7099.99	49	16.68953489	6882.35	7350.44	7090.146646	7109.369635	-26.562678	7.339689	3.156489	4.069046	43.69	-31.19	26.22734005	0.0
1510062674	7099.99	7099.98	7099.99	7099.99	7099.99	32	6.46554193	6883.5	7349.45	7091.661008	7108.674847	-24.65291	7.639071	2.931026	3.7784	43.69	-28.86	23.18706342	0.0
1510062794	7099.99	7099.98	7099.98	7099.99	7099.98	60	13.59186761	6882.86	7349.7	7092.940853	7108.030784	-22.740314	7.650383	2.721667	3.509229	43.68	-26.87	21.71087945	-13.59186761
1510062914	7099.98	7099.48	7099.51	7099.98	7099.49	57	5.77267893	6883.27	7349.54	7093.951491	7107.399615	-20.881876	7.433752	2.527262	3.29357	43.42	-25.22	19.2588486	-5.77267893
1510063034	7099.49	7090.0	7096.05	7099.49	7090.01	93	10.40840572	6886.12	7348.55	7094.274339	7106.558903	-19.162414	6.87785	2.346743	3.735458	38.58	-24.85	17.897242	-10.40840572
1510063154	7090.01	7072.01	7089.77	7099.09	7093.67	112	25.51663174	6882.44	7334.38	7093.581364	7105.315281	-17.676715	5.942798	2.440547	3.46864	41.3	-23.84	19.06945581	25.51663174
1510063274	7093.67	7084.89	7090.42	7092.72	7090.01	101	20.59634567	6882.97	7337.79	7093.095	7104.211927	-16.364757	5.24783	2.266222	3.482309	39.42	-23.43	19.30436194	-20.59634567
1510063394	7090.01	7070.0	7075.3	7090.01	7070.43	114	22.57167192	6883.63	7338.32	7090.357308	7102.070303	-15.434405	3.72141	2.104349	4.632144	31.24	-25.48	19.80702501	-22.57167192
1510063514	7070.43	7035.0	7053.9	7070.43	7058.8	296	100.18701274	6868.35	7311.37	7084.748491	7098.502132	-15.098252	1.344611	1.954038	5.131991	27.58	-28.47	32.17317697	-100.18701274
1510063634	7058.8	7044.0	7048.41	7058.81	7047.0	101	36.14112255	6834.65	7271.66	7079.157954	7094.791604	-15.205332	-0.428318	1.814464	5.608277	24.44	-32.14	32.78363014	-36.14112255
1510063754	7047.0	7046.99	7060.14	7067.06	7067.06	92	36.14024213	6867.19	7317.35	7076.232115	7092.224819	-15.362806	-0.629898	3.117717	5.207686	37.45	-30.89	33.30003198	36.14024213
1510063874	7067.06	7067.05	7067.06	7067.06	7067.06	41	9.32347877	6870.34	7310.6	7074.82102	7090.360758	-15.398192	-0.141546	2.895023	4.835708	37.45	-29.93	29.61133149	0.0
1510063994	7067.06	7065.01	7067.53	7070.27	7070.27	112	30.39283453	6868.38	7312.76	7073.699325	7088.669591	-15.312607	0.342341	2.917521	4.4903	39.38	-28.56	29.73156273	30.39283453
1510064114	7070.27	7070.26	7074.12	7076.12	7074.12	87	25.78539457	6872.61	7316.41	7073.764044	7087.591844	-15.015646	1.187846	2.984127	4.169564	41.71	-26.73	29.12445994	25.78539457
1510064234	7074.12	7074.11	7076.07	7079.02	7078.99	47	11.28136784	6875.86	7325.55	7074.118806	7086.738374	-14.53643	1.916862	3.118832	3.871738	44.61	-24.32	26.37936885	11.28136784
1510064354	7078.99	7078.98	7078.99	7078.99	7078.99	42	10.41609901	6876.25	7325.24	7074.86822	7086.16442	-13.888384	2.592184	2.896058	3.595185	44.61	-22.38	23.92348118	0.0
1510064474	7078.99	7065.0	7072.06	7078.99	7065.0	108	31.24787846	6875.75	7325.51	7074.436186	7085.119648	-13.2474	2.563938	2.689197	4.337672	38.27	-22.49	25.05031153	-31.24787846
1510064594	7065.0	7060.01	7064.89	7066.3	7066.3	69	17.56448146	6867.94	7307.69	7072.967542	7083.621156	-12.728643	2.075029	2.589969	4.027838	39.14	-22.33	23.89864537	17.56448146
1510064714	7066.3	7060.06	7065.58	7069.0	7069.0	54	9.80520031	6868.75	7308.61	7071.830997	7082.284774	-12.27367	1.819893	2.597828	3.740135	40.99	-21.68	21.73042305	9.80520031
1510064834	7069.0	7068.99	7072.56	7083.55	7083.55	56	13.50546503	6869.33	7313.82	7071.943151	7081.56442	-11.74319	2.121921	3.451555	3.472983	49.85	-18.34	20.46504489	13.50546503
1510064954	7083.55	7083.55	7087.45	7087.56	7087.56	59	6.84842042	6878.46	7331.94	7074.32882	7082.000389	-10.928866	3.257297	3.491444	3.224913	51.98	-14.92	18.37017959	6.84842042
1510065074	7087.56	7087.55	7087.55	7087.56	7087.56	65	11.90033152	6876.85	7331.67	7076.362848	7082.411471	-9.952817	3.904194	3.242055	2.994562	51.98	-12.17	17.37481835	0.0
1510065194	7087.56	7087.55	7087.56	7087.56	7087.56	46	5.74393412	6877.57	7331.05	7078.085487	7082.792844	-8.903725	4.196368	3.01048	2.780665	51.98	-9.9	15.58545155	0.0
1510065314	7087.56	7085.0	7087.33	7087.56	7085.01	93	16.68588893	6876.7	7332.17	7079.50772	7083.12893	-7.847222	4.226012	2.795446	2.764189	50.28	-8.41	15.75474961	-16.68588893
1510065434	7085.01	7070.0	7079.72	7085.01	7071.79	104	12.56846181	6876.46	7325.54	7079.540378	7082.876417	-6.944985	3.608946	2.595771	3.511033	42.51	-9.27	15.26455149	-12.56846181
1510065554	7071.79	7060.03	7065.82	7072.65	7060.03	98	20.80927469	6867.74	7311.9	7077.429551	7081.612979	-6.392674	2.209246	2.410359	4.100245	37.02	-11.79	16.11758583	-20.80927469
1510065674	7060.03	7059.83	7059.99	7060.03	7059.84	105	19.71504398	6861.2	7302.39	7074.746543	7080.011277	-6.167086	0.902352	2.238191	3.820942	36.94	-13.82	16.67104093	-19.71504398
1510065794	7059.84	7059.82	7060.82	7069.07	7060.87	95	16.76911389	6861.39	7304.63	7072.603998	7078.589701	-6.130809	0.145106	2.151892	3.548018	37.75	-15.26	16.68612908	16.76911389
1510065914	7060.87	7055.0	7057.16	7060.87	7055.01	82	15.69845319	6857.12	7302.18	7070.227998	7077.002316	-6.259511	-0.514807	1.998185	3.71316	34.99	-17.33	16.53417894	-15.69845319
1510066034	7055.01	7040.0	7047.16	7055.01	7040.01	94	16.89203252	6835.77	7270.06	7066.679075	7074.791774	-6.630149	-1.48255	1.855458	4.519363	29.11	-21.18	16.58923334	-16.89203252
1510066154	7040.01	7024.0	7027.05	7040.0	7024.02	170	56.27369115	6827.38	7261.01	7060.582294	7071.255346	-7.43873	-3.234322	1.722925	5.338694	24.4	-26.34	22.69453454	-56.27369115
1510066274	7024.02	6990.0	7002.02	7024.02	6990.0	626	251.22019303	6809.98	7252.65	7051.57271	7066.126802	-8.861802	-5.69229	1.599859	7.387359	17.8	-34.19	57.85232815	-251.22019303
1510066394	6990.0	6980.0	6987.35	7018.18	6998.54	200	67.95508003	6795.38	7234.69	7041.692293	7060.291483	-10.80928	-7.78991	2.095583	6.859691	23.4	-37.97	59.40659767	67.95508003
1510066514	6998.54	6986.9	6995.8	7011.8	7003.11	133	41.32842246	6805.23	7237.52	7034.63194	7055.514336	-12.823903	-8.058493	2.272327	6.369713	26.29	-39.76	56.62533995	41.32842246
1510066634	7003.11	7002.31	7016.2	7024.66	7024.65	117	20.88824955	6813.99	7249.98	7031.796257	7052.602163	-14.420304	-6.385602	3.648589	5.914734	38.15	-36.76	51.12732604	20.88824955
1510066754	7024.65	7024.65	7025.7	7029.98	7029.98	83	20.41408056	6823.54	7254.62	7030.858371	7050.60941	-15.486451	-4.264588	3.76869	5.492253	40.69	-33.55	46.40221135	20.41408056
1510066874	7029.98	7025.0	7029.12	7030.0	7025.01	108	38.4936022	6827.1	7259.85	7030.590929	7049.017602	-16.074495	-2.352178	3.499498	5.454949	39.08	-31.59	45.18550225	-38.4936022
1510066994	7025.01	7025.0	7025.04	7027.0	7027.0	58	16.91437048	6825.53	7253.49	7029.73694	7047.241483	-16.360505	-1.144038	3.391677	5.06531	40.11	-29.73	40.83609736	16.91437048
1510067114	7027.0	7025.0	7026.34	7030.0	7025.0	72	22.35462184	6825.78	7253.58	7029.214334	7045.693225	-16.384182	-0.094709	3.149414	4.846359	39.39	-28.45	37.99279343	-22.35462184
1510067234	7025.0	7024.65	7024.9	7025.01	7024.65	93	19.35700857	6823.36	7252.61	7028.55059	7044.152986	-16.227825	0.625429	2.924456	4.525191	39.26	-27.46	35.12574961	-19.35700857
1510067354	7024.65	7024.0	7024.2	7024.66	7024.01	55	11.69948752	6824.01	7251.33	7027.881268	7042.674987	-15.941004	1.147285	2.715566	4.247677	39.0	-26.72	31.52170929	-11.69948752
1510067474	7024.01	7024.0	7024.96	7029.0	7026.81	75	12.53417326	6824.11	7252.47	7027.431842	7041.362766	-15.538988	1.608064	2.721597	3.944272	40.83	-25.6	28.6005499	12.53417326
1510067594	7026.81	7026.8	7037.76	7049.99	7045.03	159	36.76337531	6826.34	7259.38	7029.020789	7041.095894	-14.846211	2.771106	3.828626	3.662538	51.11	-21.41	29.85636919	36.76337531
1510067714	7045.03	7045.02	7050.19	7063.04	7059.93	87	18.47335896	6830.19	7270.27	7032.277591	7041.769531	-13.775357	4.283417	4.619438	3.400928	57.6	-15.52	28.10513685	18.47335896
1510067834	7059.93	7029.56	7045.98	7057.02	7042.83	123	31.12892352	6833.3	7296.73	7034.385654	7042.081418	-12.559438	4.863674	4.289478	4.379433	49.48	-13.01	28.5703348	-31.12892352
1510067954	7042.83	7027.05	7033.81	7042.84	7035.0	69	32.54195258	6829.99	7265.8	7034.297092	7041.46872	-11.481876	4.310248	3.983087	4.625902	46.27	-12.02	29.18135292	-32.54195258
1510068074	7035.0	7027.63	7031.48	7040.0	7027.64	78	11.52893528	6823.55	7258.65	7033.863693	7040.728815	-10.558525	3.693403	3.698581	4.821195	43.41	-12.15	26.46559636	-11.52893528
1510068194	7027.64	7027.64	7033.36	7040.6	7040.6	88	22.2093023	6824.89	7259.01	7033.786202	7040.182977	-9.726175	3.3294	4.360111	4.476824	49.34	-10.29	25.81078189	22.2093023
1510068314	7040.6	7040.6	7042.07	7047.96	7041.99	91	22.4192828	6831.79	7265.76	7035.060632	7040.322756	-8.833365	3.571241	4.14796	4.157051	49.95	-8.64	25.2890128	22.4192828
1510068434	7041.99	7037.01	7038.35	7042.27	7037.02	95	18.46817914	6829.84	7261.37	7035.566689	7040.176626	-7.988679	3.378742	3.851677	4.215119	47.75	-7.95	24.23965378	-18.46817914
1510068554	7037.02	7037.01	7042.66	7050.02	7043.81	91	11.65417667	6833.26	7266.14	7036.657968	7040.36058	-7.131466	3.428854	4.061557	3.914039	50.92	-6.41	22.30342653	11.65417667
1510068674	7043.81	7033.94	7036.92	7043.81	7036.6	119	29.18351837	6830.12	7256.63	7036.698281	7040.105722	-6.386661	2.97922	3.771446	4.149465	47.61	-6.09	23.3619022	-29.18351837
1510068794	7036.6	7027.63	7030.85	7036.59	7027.63	101	27.65637721	6829.42	7258.0	7035.798545	7039.420113	-5.833642	2.212074	3.502057	4.493789	43.8	-6.98	24.02259066	-27.65637721
1510068914	7027.63	7027.63	7027.68	7028.23	7027.66	71	14.237198	6825.75	7254.02	7034.549538	7038.550475	-5.467101	1.466164	3.254053	4.172804	43.81	-7.69	22.51714564	14.237198
1510069034	7027.66	7027.4	7028.08	7030.44	7027.41	89	23.32164905	6826.82	7254.82	7033.554224	7037.774884	-5.217813	0.997153	3.021621	3.892604	43.7	-8.31	22.6409154	-23.32164905
1510069154	7027.41	7027.4	7028.96	7033.36	7031.84	54	10.1400496	6825.6	7249.0	7032.84742	7037.12193	-5.029152	0.754642	3.12222	3.614561	46.35	-8.13	20.71770528	10.1400496
1510069274	7031.84	7025.68	7029.02	7034.82	7028.8	78	14.18148214	6825.74	7255.05	7032.258586	7036.521787	-4.875962	0.612761	2.899204	3.573521	44.79	-8.39	19.71213249	-14.18148214
1510069394	7028.8	7026.78	7034.22	7044.01	7040.11	74	14.52890097	6829.51	7258.59	7032.560342	7036.351284	-4.658958	0.868016	3.499975	3.318269	51.33	-6.78	18.91471226	14.52890097
1510069514	7040.11	7040.11	7045.3	7049.0	7045.8	81	12.34374869	6833.25	7287.99	7034.520289	7037.014152	-4.225939	1.732076	3.656405	3.08125	54.27	-4.55	17.90379479	12.34374869
1510069634	7045.8	7045.79	7048.08	7050.0	7050.0	69	16.67988334	6833.06	7288.05	7036.606398	7037.833844	-3.62624	2.398794	3.695233	2.861161	56.36	-2.06	17.71550072	16.67988334
1510069754	7050.0	7049.99	7050.0	7050.0	7050.0	79	28.31211088	6835.13	7288.36	7038.666952	7038.735041	-2.91461	2.846521	3.431288	2.656792	56.36	-0.01	19.34574844	0.0
1510069874	7050.0	7049.99	7052.49	7055.19	7055.19	81	12.95238005	6855.23	7289.82	7040.793575	7039.753927	-2.123758	3.163406	3.55691	2.467021	59.05	2.52	18.3621533	12.95238005
1510069994	7055.19	7055.19	7061.76	7068.29	7062.01	98	19.56024897	6864.77	7293.09	7044.019179	7041.384006	-1.171972	3.807145	3.789988	2.290805	62.33	5.69	18.54647571	19.56024897
1510070114	7062.01	7062.0	7062.01	7062.01	7062.01	34	6.1662414	6859.68	7292.8	7046.786998	7042.911857	-0.162549	4.03769	3.519275	2.127176	62.33	8.31	16.64182428	0.0
1510070234	7062.01	7062.0	7062.1	7062.48	7062.48	56	9.8074153	6859.76	7291.8	7049.142844	7044.333201	0.831889	3.977754	3.30147	1.975235	62.57	10.58	15.59037674	9.8074153
1510070354	7062.48	7062.48	7065.57	7069.99	7069.99	106	16.30998521	6867.53	7298.96	7051.670099	7045.906297	1.818272	3.94553	3.602079	1.834147	66.26	13.66	15.70108574	16.30998521
1510070474	7069.99	7069.98	7069.99	7069.99	7069.99	44	9.83265416	6868.14	7300.78	7054.488545	7047.690275	2.814272	3.983998	3.344788	1.703137	66.26	16.24	14.79825011	0.0
1510070594	7069.99	7069.0	7069.28	7069.99	7069.01	82	15.2503176	6868.24	7299.68	7056.764153	7049.289514	3.746345	3.728294	3.105875	1.651484	65.29	18.2	14.86779895	-15.2503176
